0 CE    0.025472 .00040000000000000000 0.0    -.00040000000000000000
1 CE    0.025472 .00120000000000000000 0.0    -.00040000000000000000
2 CE    0.025472 .00200000000000000000 0.0    -.00040000000000000000
3 CE    0.025472 .00280000000000000000 0.0    -.00040000000000000000
4 CE    0.025472 .00360000000000000000 0.0    -.00040000000000000000
5 CE    0.025472 .00440000000000000000 0.0    -.00040000000000000000
6 CE    0.025472 .00520000000000000000 0.0    -.00040000000000000000
7 CE    0.025472 .00600000000000000000 0.0    -.00040000000000000000
8 CE    0.025472 .00680000000000000000 0.0    -.00040000000000000000
9 CE    0.025472 .00760000000000000000 0.0    -.00040000000000000000
10 CE    0.025472 .00840000000000000000 0.0    -.00040000000000000000
11 CE    0.025472 .00920000000000000000 0.0    -.00040000000000000000
12 CE    0.025472 .01000000000000000000 0.0    -.00040000000000000000
13 CE    0.025472 .01080000000000000000 0.0    -.00040000000000000000
14 CE    0.025472 .01160000000000000000 0.0    -.00040000000000000000
15 CE    0.025472 .01240000000000000000 0.0    -.00040000000000000000
16 CE    0.025472 .01320000000000000000 0.0    -.00040000000000000000
17 CE    0.025472 .01400000000000000000 0.0    -.00040000000000000000
18 CE    0.025472 .01480000000000000000 0.0    -.00040000000000000000
19 CE    0.025472 .01560000000000000000 0.0    -.00040000000000000000
20 CE    0.025472 .01640000000000000000 0.0    -.00040000000000000000
21 CE    0.025472 .01720000000000000000 0.0    -.00040000000000000000
22 CE    0.025472 .01800000000000000000 0.0    -.00040000000000000000
23 CE    0.025472 .01880000000000000000 0.0    -.00040000000000000000
24 CE    0.025472 .01960000000000000000 0.0    -.00040000000000000000
25 CE    0.025472 .02040000000000000000 0.0    -.00040000000000000000
26 CE    0.025472 .02120000000000000000 0.0    -.00040000000000000000
27 CE    0.025472 .02200000000000000000 0.0    -.00040000000000000000
28 CE    0.025472 .02280000000000000000 0.0    -.00040000000000000000
29 CE    0.025472 .02360000000000000000 0.0    -.00040000000000000000
30 CE    0.025472 .02440000000000000000 0.0    -.00040000000000000000
31 CE    0.025472 .02520000000000000000 0.0    -.00040000000000000000
32 CE    0.025472 .00040000000000000000 0.0    -.00120000000000000000
33 CE    0.025472 .00120000000000000000 0.0    -.00120000000000000000
34 CE    0.025472 .00200000000000000000 0.0    -.00120000000000000000
35 CE    0.025472 .00280000000000000000 0.0    -.00120000000000000000
36 CE    0.025472 .00360000000000000000 0.0    -.00120000000000000000
37 CE    0.025472 .00440000000000000000 0.0    -.00120000000000000000
38 CE    0.025472 .00520000000000000000 0.0    -.00120000000000000000
39 CE    0.025472 .00600000000000000000 0.0    -.00120000000000000000
40 CE    0.025472 .00680000000000000000 0.0    -.00120000000000000000
41 CE    0.025472 .00760000000000000000 0.0    -.00120000000000000000
42 CE    0.025472 .00840000000000000000 0.0    -.00120000000000000000
43 CE    0.025472 .00920000000000000000 0.0    -.00120000000000000000
44 CE    0.025472 .01000000000000000000 0.0    -.00120000000000000000
45 CE    0.025472 .01080000000000000000 0.0    -.00120000000000000000
46 CE    0.025472 .01160000000000000000 0.0    -.00120000000000000000
47 CE    0.025472 .01240000000000000000 0.0    -.00120000000000000000
48 CE    0.025472 .01320000000000000000 0.0    -.00120000000000000000
49 CE    0.025472 .01400000000000000000 0.0    -.00120000000000000000
50 CE    0.025472 .01480000000000000000 0.0    -.00120000000000000000
51 CE    0.025472 .01560000000000000000 0.0    -.00120000000000000000
52 CE    0.025472 .01640000000000000000 0.0    -.00120000000000000000
53 CE    0.025472 .01720000000000000000 0.0    -.00120000000000000000
54 CE    0.025472 .01800000000000000000 0.0    -.00120000000000000000
55 CE    0.025472 .01880000000000000000 0.0    -.00120000000000000000
56 CE    0.025472 .01960000000000000000 0.0    -.00120000000000000000
57 CE    0.025472 .02040000000000000000 0.0    -.00120000000000000000
58 CE    0.025472 .02120000000000000000 0.0    -.00120000000000000000
59 CE    0.025472 .02200000000000000000 0.0    -.00120000000000000000
60 CE    0.025472 .02280000000000000000 0.0    -.00120000000000000000
61 CE    0.025472 .02360000000000000000 0.0    -.00120000000000000000
62 CE    0.025472 .02440000000000000000 0.0    -.00120000000000000000
63 CE    0.025472 .02520000000000000000 0.0    -.00120000000000000000
64 CE    0.025472 .00040000000000000000 0.0    -.00200000000000000000
65 CE    0.025472 .00120000000000000000 0.0    -.00200000000000000000
66 CE    0.025472 .00200000000000000000 0.0    -.00200000000000000000
67 CE    0.025472 .00280000000000000000 0.0    -.00200000000000000000
68 CE    0.025472 .00360000000000000000 0.0    -.00200000000000000000
69 CE    0.025472 .00440000000000000000 0.0    -.00200000000000000000
70 CE    0.025472 .00520000000000000000 0.0    -.00200000000000000000
71 CE    0.025472 .00600000000000000000 0.0    -.00200000000000000000
72 CE    0.025472 .00680000000000000000 0.0    -.00200000000000000000
73 CE    0.025472 .00760000000000000000 0.0    -.00200000000000000000
74 CE    0.025472 .00840000000000000000 0.0    -.00200000000000000000
75 CE    0.025472 .00920000000000000000 0.0    -.00200000000000000000
76 CE    0.025472 .01000000000000000000 0.0    -.00200000000000000000
77 CE    0.025472 .01080000000000000000 0.0    -.00200000000000000000
78 CE    0.025472 .01160000000000000000 0.0    -.00200000000000000000
79 CE    0.025472 .01240000000000000000 0.0    -.00200000000000000000
80 CE    0.025472 .01320000000000000000 0.0    -.00200000000000000000
81 CE    0.025472 .01400000000000000000 0.0    -.00200000000000000000
82 CE    0.025472 .01480000000000000000 0.0    -.00200000000000000000
83 CE    0.025472 .01560000000000000000 0.0    -.00200000000000000000
84 CE    0.025472 .01640000000000000000 0.0    -.00200000000000000000
85 CE    0.025472 .01720000000000000000 0.0    -.00200000000000000000
86 CE    0.025472 .01800000000000000000 0.0    -.00200000000000000000
87 CE    0.025472 .01880000000000000000 0.0    -.00200000000000000000
88 CE    0.025472 .01960000000000000000 0.0    -.00200000000000000000
89 CE    0.025472 .02040000000000000000 0.0    -.00200000000000000000
90 CE    0.025472 .02120000000000000000 0.0    -.00200000000000000000
91 CE    0.025472 .02200000000000000000 0.0    -.00200000000000000000
92 CE    0.025472 .02280000000000000000 0.0    -.00200000000000000000
93 CE    0.025472 .02360000000000000000 0.0    -.00200000000000000000
94 CE    0.025472 .02440000000000000000 0.0    -.00200000000000000000
95 CE    0.025472 .02520000000000000000 0.0    -.00200000000000000000
96 CE    0.025472 .00040000000000000000 0.0    -.00280000000000000000
97 CE    0.025472 .00120000000000000000 0.0    -.00280000000000000000
98 CE    0.025472 .00200000000000000000 0.0    -.00280000000000000000
99 CE    0.025472 .00280000000000000000 0.0    -.00280000000000000000
100 CE    0.025472 .00360000000000000000 0.0    -.00280000000000000000
101 CE    0.025472 .00440000000000000000 0.0    -.00280000000000000000
102 CE    0.025472 .00520000000000000000 0.0    -.00280000000000000000
103 CE    0.025472 .00600000000000000000 0.0    -.00280000000000000000
104 CE    0.025472 .00680000000000000000 0.0    -.00280000000000000000
105 CE    0.025472 .00760000000000000000 0.0    -.00280000000000000000
106 CE    0.025472 .00840000000000000000 0.0    -.00280000000000000000
107 CE    0.025472 .00920000000000000000 0.0    -.00280000000000000000
108 CE    0.025472 .01000000000000000000 0.0    -.00280000000000000000
109 CE    0.025472 .01080000000000000000 0.0    -.00280000000000000000
110 CE    0.025472 .01160000000000000000 0.0    -.00280000000000000000
111 CE    0.025472 .01240000000000000000 0.0    -.00280000000000000000
112 CE    0.025472 .01320000000000000000 0.0    -.00280000000000000000
113 CE    0.025472 .01400000000000000000 0.0    -.00280000000000000000
114 CE    0.025472 .01480000000000000000 0.0    -.00280000000000000000
115 CE    0.025472 .01560000000000000000 0.0    -.00280000000000000000
116 CE    0.025472 .01640000000000000000 0.0    -.00280000000000000000
117 CE    0.025472 .01720000000000000000 0.0    -.00280000000000000000
118 CE    0.025472 .01800000000000000000 0.0    -.00280000000000000000
119 CE    0.025472 .01880000000000000000 0.0    -.00280000000000000000
120 CE    0.025472 .01960000000000000000 0.0    -.00280000000000000000
121 CE    0.025472 .02040000000000000000 0.0    -.00280000000000000000
122 CE    0.025472 .02120000000000000000 0.0    -.00280000000000000000
123 CE    0.025472 .02200000000000000000 0.0    -.00280000000000000000
124 CE    0.025472 .02280000000000000000 0.0    -.00280000000000000000
125 CE    0.025472 .02360000000000000000 0.0    -.00280000000000000000
126 CE    0.025472 .02440000000000000000 0.0    -.00280000000000000000
127 CE    0.025472 .02520000000000000000 0.0    -.00280000000000000000
128 CE    0.025472 .00040000000000000000 0.0    -.00360000000000000000
129 CE    0.025472 .00120000000000000000 0.0    -.00360000000000000000
130 CE    0.025472 .00200000000000000000 0.0    -.00360000000000000000
131 CE    0.025472 .00280000000000000000 0.0    -.00360000000000000000
132 CE    0.025472 .00360000000000000000 0.0    -.00360000000000000000
133 CE    0.025472 .00440000000000000000 0.0    -.00360000000000000000
134 CE    0.025472 .00520000000000000000 0.0    -.00360000000000000000
135 CE    0.025472 .00600000000000000000 0.0    -.00360000000000000000
136 CE    0.025472 .00680000000000000000 0.0    -.00360000000000000000
137 CE    0.025472 .00760000000000000000 0.0    -.00360000000000000000
138 CE    0.025472 .00840000000000000000 0.0    -.00360000000000000000
139 CE    0.025472 .00920000000000000000 0.0    -.00360000000000000000
140 CE    0.025472 .01000000000000000000 0.0    -.00360000000000000000
141 CE    0.025472 .01080000000000000000 0.0    -.00360000000000000000
142 CE    0.025472 .01160000000000000000 0.0    -.00360000000000000000
143 CE    0.025472 .01240000000000000000 0.0    -.00360000000000000000
144 CE    0.025472 .01320000000000000000 0.0    -.00360000000000000000
145 CE    0.025472 .01400000000000000000 0.0    -.00360000000000000000
146 CE    0.025472 .01480000000000000000 0.0    -.00360000000000000000
147 CE    0.025472 .01560000000000000000 0.0    -.00360000000000000000
148 CE    0.025472 .01640000000000000000 0.0    -.00360000000000000000
149 CE    0.025472 .01720000000000000000 0.0    -.00360000000000000000
150 CE    0.025472 .01800000000000000000 0.0    -.00360000000000000000
151 CE    0.025472 .01880000000000000000 0.0    -.00360000000000000000
152 CE    0.025472 .01960000000000000000 0.0    -.00360000000000000000
153 CE    0.025472 .02040000000000000000 0.0    -.00360000000000000000
154 CE    0.025472 .02120000000000000000 0.0    -.00360000000000000000
155 CE    0.025472 .02200000000000000000 0.0    -.00360000000000000000
156 CE    0.025472 .02280000000000000000 0.0    -.00360000000000000000
157 CE    0.025472 .02360000000000000000 0.0    -.00360000000000000000
158 CE    0.025472 .02440000000000000000 0.0    -.00360000000000000000
159 CE    0.025472 .02520000000000000000 0.0    -.00360000000000000000
160 CE    0.025472 .00040000000000000000 0.0    -.00440000000000000000
161 CE    0.025472 .00120000000000000000 0.0    -.00440000000000000000
162 CE    0.025472 .00200000000000000000 0.0    -.00440000000000000000
163 CE    0.025472 .00280000000000000000 0.0    -.00440000000000000000
164 CE    0.025472 .00360000000000000000 0.0    -.00440000000000000000
165 CE    0.025472 .00440000000000000000 0.0    -.00440000000000000000
166 CE    0.025472 .00520000000000000000 0.0    -.00440000000000000000
167 CE    0.025472 .00600000000000000000 0.0    -.00440000000000000000
168 CE    0.025472 .00680000000000000000 0.0    -.00440000000000000000
169 CE    0.025472 .00760000000000000000 0.0    -.00440000000000000000
170 CE    0.025472 .00840000000000000000 0.0    -.00440000000000000000
171 CE    0.025472 .00920000000000000000 0.0    -.00440000000000000000
172 CE    0.025472 .01000000000000000000 0.0    -.00440000000000000000
173 CE    0.025472 .01080000000000000000 0.0    -.00440000000000000000
174 CE    0.025472 .01160000000000000000 0.0    -.00440000000000000000
175 CE    0.025472 .01240000000000000000 0.0    -.00440000000000000000
176 CE    0.025472 .01320000000000000000 0.0    -.00440000000000000000
177 CE    0.025472 .01400000000000000000 0.0    -.00440000000000000000
178 CE    0.025472 .01480000000000000000 0.0    -.00440000000000000000
179 CE    0.025472 .01560000000000000000 0.0    -.00440000000000000000
180 CE    0.025472 .01640000000000000000 0.0    -.00440000000000000000
181 CE    0.025472 .01720000000000000000 0.0    -.00440000000000000000
182 CE    0.025472 .01800000000000000000 0.0    -.00440000000000000000
183 CE    0.025472 .01880000000000000000 0.0    -.00440000000000000000
184 CE    0.025472 .01960000000000000000 0.0    -.00440000000000000000
185 CE    0.025472 .02040000000000000000 0.0    -.00440000000000000000
186 CE    0.025472 .02120000000000000000 0.0    -.00440000000000000000
187 CE    0.025472 .02200000000000000000 0.0    -.00440000000000000000
188 CE    0.025472 .02280000000000000000 0.0    -.00440000000000000000
189 CE    0.025472 .02360000000000000000 0.0    -.00440000000000000000
190 CE    0.025472 .02440000000000000000 0.0    -.00440000000000000000
191 CE    0.025472 .02520000000000000000 0.0    -.00440000000000000000
192 CE    0.025472 .00040000000000000000 0.0    -.00520000000000000000
193 CE    0.025472 .00120000000000000000 0.0    -.00520000000000000000
194 CE    0.025472 .00200000000000000000 0.0    -.00520000000000000000
195 CE    0.025472 .00280000000000000000 0.0    -.00520000000000000000
196 CE    0.025472 .00360000000000000000 0.0    -.00520000000000000000
197 CE    0.025472 .00440000000000000000 0.0    -.00520000000000000000
198 CE    0.025472 .00520000000000000000 0.0    -.00520000000000000000
199 CE    0.025472 .00600000000000000000 0.0    -.00520000000000000000
200 CE    0.025472 .00680000000000000000 0.0    -.00520000000000000000
201 CE    0.025472 .00760000000000000000 0.0    -.00520000000000000000
202 CE    0.025472 .00840000000000000000 0.0    -.00520000000000000000
203 CE    0.025472 .00920000000000000000 0.0    -.00520000000000000000
204 CE    0.025472 .01000000000000000000 0.0    -.00520000000000000000
205 CE    0.025472 .01080000000000000000 0.0    -.00520000000000000000
206 CE    0.025472 .01160000000000000000 0.0    -.00520000000000000000
207 CE    0.025472 .01240000000000000000 0.0    -.00520000000000000000
208 CE    0.025472 .01320000000000000000 0.0    -.00520000000000000000
209 CE    0.025472 .01400000000000000000 0.0    -.00520000000000000000
210 CE    0.025472 .01480000000000000000 0.0    -.00520000000000000000
211 CE    0.025472 .01560000000000000000 0.0    -.00520000000000000000
212 CE    0.025472 .01640000000000000000 0.0    -.00520000000000000000
213 CE    0.025472 .01720000000000000000 0.0    -.00520000000000000000
214 CE    0.025472 .01800000000000000000 0.0    -.00520000000000000000
215 CE    0.025472 .01880000000000000000 0.0    -.00520000000000000000
216 CE    0.025472 .01960000000000000000 0.0    -.00520000000000000000
217 CE    0.025472 .02040000000000000000 0.0    -.00520000000000000000
218 CE    0.025472 .02120000000000000000 0.0    -.00520000000000000000
219 CE    0.025472 .02200000000000000000 0.0    -.00520000000000000000
220 CE    0.025472 .02280000000000000000 0.0    -.00520000000000000000
221 CE    0.025472 .02360000000000000000 0.0    -.00520000000000000000
222 CE    0.025472 .02440000000000000000 0.0    -.00520000000000000000
223 CE    0.025472 .02520000000000000000 0.0    -.00520000000000000000
224 CE    0.025472 .00040000000000000000 0.0    -.00600000000000000000
225 CE    0.025472 .00120000000000000000 0.0    -.00600000000000000000
226 CE    0.025472 .00200000000000000000 0.0    -.00600000000000000000
227 CE    0.025472 .00280000000000000000 0.0    -.00600000000000000000
228 CE    0.025472 .00360000000000000000 0.0    -.00600000000000000000
229 CE    0.025472 .00440000000000000000 0.0    -.00600000000000000000
230 CE    0.025472 .00520000000000000000 0.0    -.00600000000000000000
231 CE    0.025472 .00600000000000000000 0.0    -.00600000000000000000
232 CE    0.025472 .00680000000000000000 0.0    -.00600000000000000000
233 CE    0.025472 .00760000000000000000 0.0    -.00600000000000000000
234 CE    0.025472 .00840000000000000000 0.0    -.00600000000000000000
235 CE    0.025472 .00920000000000000000 0.0    -.00600000000000000000
236 CE    0.025472 .01000000000000000000 0.0    -.00600000000000000000
237 CE    0.025472 .01080000000000000000 0.0    -.00600000000000000000
238 CE    0.025472 .01160000000000000000 0.0    -.00600000000000000000
239 CE    0.025472 .01240000000000000000 0.0    -.00600000000000000000
240 CE    0.025472 .01320000000000000000 0.0    -.00600000000000000000
241 CE    0.025472 .01400000000000000000 0.0    -.00600000000000000000
242 CE    0.025472 .01480000000000000000 0.0    -.00600000000000000000
243 CE    0.025472 .01560000000000000000 0.0    -.00600000000000000000
244 CE    0.025472 .01640000000000000000 0.0    -.00600000000000000000
245 CE    0.025472 .01720000000000000000 0.0    -.00600000000000000000
246 CE    0.025472 .01800000000000000000 0.0    -.00600000000000000000
247 CE    0.025472 .01880000000000000000 0.0    -.00600000000000000000
248 CE    0.025472 .01960000000000000000 0.0    -.00600000000000000000
249 CE    0.025472 .02040000000000000000 0.0    -.00600000000000000000
250 CE    0.025472 .02120000000000000000 0.0    -.00600000000000000000
251 CE    0.025472 .02200000000000000000 0.0    -.00600000000000000000
252 CE    0.025472 .02280000000000000000 0.0    -.00600000000000000000
253 CE    0.025472 .02360000000000000000 0.0    -.00600000000000000000
254 CE    0.025472 .02440000000000000000 0.0    -.00600000000000000000
255 CE    0.025472 .02520000000000000000 0.0    -.00600000000000000000
256 CE    0.025472 .00040000000000000000 0.0    -.00680000000000000000
257 CE    0.025472 .00120000000000000000 0.0    -.00680000000000000000
258 CE    0.025472 .00200000000000000000 0.0    -.00680000000000000000
259 CE    0.025472 .00280000000000000000 0.0    -.00680000000000000000
260 CE    0.025472 .00360000000000000000 0.0    -.00680000000000000000
261 CE    0.025472 .00440000000000000000 0.0    -.00680000000000000000
262 CE    0.025472 .00520000000000000000 0.0    -.00680000000000000000
263 CE    0.025472 .00600000000000000000 0.0    -.00680000000000000000
264 CE    0.025472 .00680000000000000000 0.0    -.00680000000000000000
265 CE    0.025472 .00760000000000000000 0.0    -.00680000000000000000
266 CE    0.025472 .00840000000000000000 0.0    -.00680000000000000000
267 CE    0.025472 .00920000000000000000 0.0    -.00680000000000000000
268 CE    0.025472 .01000000000000000000 0.0    -.00680000000000000000
269 CE    0.025472 .01080000000000000000 0.0    -.00680000000000000000
270 CE    0.025472 .01160000000000000000 0.0    -.00680000000000000000
271 CE    0.025472 .01240000000000000000 0.0    -.00680000000000000000
272 CE    0.025472 .01320000000000000000 0.0    -.00680000000000000000
273 CE    0.025472 .01400000000000000000 0.0    -.00680000000000000000
274 CE    0.025472 .01480000000000000000 0.0    -.00680000000000000000
275 CE    0.025472 .01560000000000000000 0.0    -.00680000000000000000
276 CE    0.025472 .01640000000000000000 0.0    -.00680000000000000000
277 CE    0.025472 .01720000000000000000 0.0    -.00680000000000000000
278 CE    0.025472 .01800000000000000000 0.0    -.00680000000000000000
279 CE    0.025472 .01880000000000000000 0.0    -.00680000000000000000
280 CE    0.025472 .01960000000000000000 0.0    -.00680000000000000000
281 CE    0.025472 .02040000000000000000 0.0    -.00680000000000000000
282 CE    0.025472 .02120000000000000000 0.0    -.00680000000000000000
283 CE    0.025472 .02200000000000000000 0.0    -.00680000000000000000
284 CE    0.025472 .02280000000000000000 0.0    -.00680000000000000000
285 CE    0.025472 .02360000000000000000 0.0    -.00680000000000000000
286 CE    0.025472 .02440000000000000000 0.0    -.00680000000000000000
287 CE    0.025472 .02520000000000000000 0.0    -.00680000000000000000
288 CE    0.025472 .00040000000000000000 0.0    -.00760000000000000000
289 CE    0.025472 .00120000000000000000 0.0    -.00760000000000000000
290 CE    0.025472 .00200000000000000000 0.0    -.00760000000000000000
291 CE    0.025472 .00280000000000000000 0.0    -.00760000000000000000
292 CE    0.025472 .00360000000000000000 0.0    -.00760000000000000000
293 CE    0.025472 .00440000000000000000 0.0    -.00760000000000000000
294 CE    0.025472 .00520000000000000000 0.0    -.00760000000000000000
295 CE    0.025472 .00600000000000000000 0.0    -.00760000000000000000
296 CE    0.025472 .00680000000000000000 0.0    -.00760000000000000000
297 CE    0.025472 .00760000000000000000 0.0    -.00760000000000000000
298 CE    0.025472 .00840000000000000000 0.0    -.00760000000000000000
299 CE    0.025472 .00920000000000000000 0.0    -.00760000000000000000
300 CE    0.025472 .01000000000000000000 0.0    -.00760000000000000000
301 CE    0.025472 .01080000000000000000 0.0    -.00760000000000000000
302 CE    0.025472 .01160000000000000000 0.0    -.00760000000000000000
303 CE    0.025472 .01240000000000000000 0.0    -.00760000000000000000
304 CE    0.025472 .01320000000000000000 0.0    -.00760000000000000000
305 CE    0.025472 .01400000000000000000 0.0    -.00760000000000000000
306 CE    0.025472 .01480000000000000000 0.0    -.00760000000000000000
307 CE    0.025472 .01560000000000000000 0.0    -.00760000000000000000
308 CE    0.025472 .01640000000000000000 0.0    -.00760000000000000000
309 CE    0.025472 .01720000000000000000 0.0    -.00760000000000000000
310 CE    0.025472 .01800000000000000000 0.0    -.00760000000000000000
311 CE    0.025472 .01880000000000000000 0.0    -.00760000000000000000
312 CE    0.025472 .01960000000000000000 0.0    -.00760000000000000000
313 CE    0.025472 .02040000000000000000 0.0    -.00760000000000000000
314 CE    0.025472 .02120000000000000000 0.0    -.00760000000000000000
315 CE    0.025472 .02200000000000000000 0.0    -.00760000000000000000
316 CE    0.025472 .02280000000000000000 0.0    -.00760000000000000000
317 CE    0.025472 .02360000000000000000 0.0    -.00760000000000000000
318 CE    0.025472 .02440000000000000000 0.0    -.00760000000000000000
319 CE    0.025472 .02520000000000000000 0.0    -.00760000000000000000
320 CE    0.025472 .00040000000000000000 0.0    -.00840000000000000000
321 CE    0.025472 .00120000000000000000 0.0    -.00840000000000000000
322 CE    0.025472 .00200000000000000000 0.0    -.00840000000000000000
323 CE    0.025472 .00280000000000000000 0.0    -.00840000000000000000
324 CE    0.025472 .00360000000000000000 0.0    -.00840000000000000000
325 CE    0.025472 .00440000000000000000 0.0    -.00840000000000000000
326 CE    0.025472 .00520000000000000000 0.0    -.00840000000000000000
327 CE    0.025472 .00600000000000000000 0.0    -.00840000000000000000
328 CE    0.025472 .00680000000000000000 0.0    -.00840000000000000000
329 CE    0.025472 .00760000000000000000 0.0    -.00840000000000000000
330 CE    0.025472 .00840000000000000000 0.0    -.00840000000000000000
331 CE    0.025472 .00920000000000000000 0.0    -.00840000000000000000
332 CE    0.025472 .01000000000000000000 0.0    -.00840000000000000000
333 CE    0.025472 .01080000000000000000 0.0    -.00840000000000000000
334 CE    0.025472 .01160000000000000000 0.0    -.00840000000000000000
335 CE    0.025472 .01240000000000000000 0.0    -.00840000000000000000
336 CE    0.025472 .01320000000000000000 0.0    -.00840000000000000000
337 CE    0.025472 .01400000000000000000 0.0    -.00840000000000000000
338 CE    0.025472 .01480000000000000000 0.0    -.00840000000000000000
339 CE    0.025472 .01560000000000000000 0.0    -.00840000000000000000
340 CE    0.025472 .01640000000000000000 0.0    -.00840000000000000000
341 CE    0.025472 .01720000000000000000 0.0    -.00840000000000000000
342 CE    0.025472 .01800000000000000000 0.0    -.00840000000000000000
343 CE    0.025472 .01880000000000000000 0.0    -.00840000000000000000
344 CE    0.025472 .01960000000000000000 0.0    -.00840000000000000000
345 CE    0.025472 .02040000000000000000 0.0    -.00840000000000000000
346 CE    0.025472 .02120000000000000000 0.0    -.00840000000000000000
347 CE    0.025472 .02200000000000000000 0.0    -.00840000000000000000
348 CE    0.025472 .02280000000000000000 0.0    -.00840000000000000000
349 CE    0.025472 .02360000000000000000 0.0    -.00840000000000000000
350 CE    0.025472 .02440000000000000000 0.0    -.00840000000000000000
351 CE    0.025472 .02520000000000000000 0.0    -.00840000000000000000
352 CE    0.025472 .00040000000000000000 0.0    -.00920000000000000000
353 CE    0.025472 .00120000000000000000 0.0    -.00920000000000000000
354 CE    0.025472 .00200000000000000000 0.0    -.00920000000000000000
355 CE    0.025472 .00280000000000000000 0.0    -.00920000000000000000
356 CE    0.025472 .00360000000000000000 0.0    -.00920000000000000000
357 CE    0.025472 .00440000000000000000 0.0    -.00920000000000000000
358 CE    0.025472 .00520000000000000000 0.0    -.00920000000000000000
359 CE    0.025472 .00600000000000000000 0.0    -.00920000000000000000
360 CE    0.025472 .00680000000000000000 0.0    -.00920000000000000000
361 CE    0.025472 .00760000000000000000 0.0    -.00920000000000000000
362 CE    0.025472 .00840000000000000000 0.0    -.00920000000000000000
363 CE    0.025472 .00920000000000000000 0.0    -.00920000000000000000
364 CE    0.025472 .01000000000000000000 0.0    -.00920000000000000000
365 CE    0.025472 .01080000000000000000 0.0    -.00920000000000000000
366 CE    0.025472 .01160000000000000000 0.0    -.00920000000000000000
367 CE    0.025472 .01240000000000000000 0.0    -.00920000000000000000
368 CE    0.025472 .01320000000000000000 0.0    -.00920000000000000000
369 CE    0.025472 .01400000000000000000 0.0    -.00920000000000000000
370 CE    0.025472 .01480000000000000000 0.0    -.00920000000000000000
371 CE    0.025472 .01560000000000000000 0.0    -.00920000000000000000
372 CE    0.025472 .01640000000000000000 0.0    -.00920000000000000000
373 CE    0.025472 .01720000000000000000 0.0    -.00920000000000000000
374 CE    0.025472 .01800000000000000000 0.0    -.00920000000000000000
375 CE    0.025472 .01880000000000000000 0.0    -.00920000000000000000
376 CE    0.025472 .01960000000000000000 0.0    -.00920000000000000000
377 CE    0.025472 .02040000000000000000 0.0    -.00920000000000000000
378 CE    0.025472 .02120000000000000000 0.0    -.00920000000000000000
379 CE    0.025472 .02200000000000000000 0.0    -.00920000000000000000
380 CE    0.025472 .02280000000000000000 0.0    -.00920000000000000000
381 CE    0.025472 .02360000000000000000 0.0    -.00920000000000000000
382 CE    0.025472 .02440000000000000000 0.0    -.00920000000000000000
383 CE    0.025472 .02520000000000000000 0.0    -.00920000000000000000
384 CE    0.025472 .00040000000000000000 0.0    -.01000000000000000000
385 CE    0.025472 .00120000000000000000 0.0    -.01000000000000000000
386 CE    0.025472 .00200000000000000000 0.0    -.01000000000000000000
387 CE    0.025472 .00280000000000000000 0.0    -.01000000000000000000
388 CE    0.025472 .00360000000000000000 0.0    -.01000000000000000000
389 CE    0.025472 .00440000000000000000 0.0    -.01000000000000000000
390 CE    0.025472 .00520000000000000000 0.0    -.01000000000000000000
391 CE    0.025472 .00600000000000000000 0.0    -.01000000000000000000
392 CE    0.025472 .00680000000000000000 0.0    -.01000000000000000000
393 CE    0.025472 .00760000000000000000 0.0    -.01000000000000000000
394 CE    0.025472 .00840000000000000000 0.0    -.01000000000000000000
395 CE    0.025472 .00920000000000000000 0.0    -.01000000000000000000
396 CE    0.025472 .01000000000000000000 0.0    -.01000000000000000000
397 CE    0.025472 .01080000000000000000 0.0    -.01000000000000000000
398 CE    0.025472 .01160000000000000000 0.0    -.01000000000000000000
399 CE    0.025472 .01240000000000000000 0.0    -.01000000000000000000
400 CE    0.025472 .01320000000000000000 0.0    -.01000000000000000000
401 CE    0.025472 .01400000000000000000 0.0    -.01000000000000000000
402 CE    0.025472 .01480000000000000000 0.0    -.01000000000000000000
403 CE    0.025472 .01560000000000000000 0.0    -.01000000000000000000
404 CE    0.025472 .01640000000000000000 0.0    -.01000000000000000000
405 CE    0.025472 .01720000000000000000 0.0    -.01000000000000000000
406 CE    0.025472 .01800000000000000000 0.0    -.01000000000000000000
407 CE    0.025472 .01880000000000000000 0.0    -.01000000000000000000
408 CE    0.025472 .01960000000000000000 0.0    -.01000000000000000000
409 CE    0.025472 .02040000000000000000 0.0    -.01000000000000000000
410 CE    0.025472 .02120000000000000000 0.0    -.01000000000000000000
411 CE    0.025472 .02200000000000000000 0.0    -.01000000000000000000
412 CE    0.025472 .02280000000000000000 0.0    -.01000000000000000000
413 CE    0.025472 .02360000000000000000 0.0    -.01000000000000000000
414 CE    0.025472 .02440000000000000000 0.0    -.01000000000000000000
415 CE    0.025472 .02520000000000000000 0.0    -.01000000000000000000
416 CE    0.025472 .00040000000000000000 0.0    -.01080000000000000000
417 CE    0.025472 .00120000000000000000 0.0    -.01080000000000000000
418 CE    0.025472 .00200000000000000000 0.0    -.01080000000000000000
419 CE    0.025472 .00280000000000000000 0.0    -.01080000000000000000
420 CE    0.025472 .00360000000000000000 0.0    -.01080000000000000000
421 CE    0.025472 .00440000000000000000 0.0    -.01080000000000000000
422 CE    0.025472 .00520000000000000000 0.0    -.01080000000000000000
423 CE    0.025472 .00600000000000000000 0.0    -.01080000000000000000
424 CE    0.025472 .00680000000000000000 0.0    -.01080000000000000000
425 CE    0.025472 .00760000000000000000 0.0    -.01080000000000000000
426 CE    0.025472 .00840000000000000000 0.0    -.01080000000000000000
427 CE    0.025472 .00920000000000000000 0.0    -.01080000000000000000
428 CE    0.025472 .01000000000000000000 0.0    -.01080000000000000000
429 CE    0.025472 .01080000000000000000 0.0    -.01080000000000000000
430 CE    0.025472 .01160000000000000000 0.0    -.01080000000000000000
431 CE    0.025472 .01240000000000000000 0.0    -.01080000000000000000
432 CE    0.025472 .01320000000000000000 0.0    -.01080000000000000000
433 CE    0.025472 .01400000000000000000 0.0    -.01080000000000000000
434 CE    0.025472 .01480000000000000000 0.0    -.01080000000000000000
435 CE    0.025472 .01560000000000000000 0.0    -.01080000000000000000
436 CE    0.025472 .01640000000000000000 0.0    -.01080000000000000000
437 CE    0.025472 .01720000000000000000 0.0    -.01080000000000000000
438 CE    0.025472 .01800000000000000000 0.0    -.01080000000000000000
439 CE    0.025472 .01880000000000000000 0.0    -.01080000000000000000
440 CE    0.025472 .01960000000000000000 0.0    -.01080000000000000000
441 CE    0.025472 .02040000000000000000 0.0    -.01080000000000000000
442 CE    0.025472 .02120000000000000000 0.0    -.01080000000000000000
443 CE    0.025472 .02200000000000000000 0.0    -.01080000000000000000
444 CE    0.025472 .02280000000000000000 0.0    -.01080000000000000000
445 CE    0.025472 .02360000000000000000 0.0    -.01080000000000000000
446 CE    0.025472 .02440000000000000000 0.0    -.01080000000000000000
447 CE    0.025472 .02520000000000000000 0.0    -.01080000000000000000
448 CE    0.025472 .00040000000000000000 0.0    -.01160000000000000000
449 CE    0.025472 .00120000000000000000 0.0    -.01160000000000000000
450 CE    0.025472 .00200000000000000000 0.0    -.01160000000000000000
451 CE    0.025472 .00280000000000000000 0.0    -.01160000000000000000
452 CE    0.025472 .00360000000000000000 0.0    -.01160000000000000000
453 CE    0.025472 .00440000000000000000 0.0    -.01160000000000000000
454 CE    0.025472 .00520000000000000000 0.0    -.01160000000000000000
455 CE    0.025472 .00600000000000000000 0.0    -.01160000000000000000
456 CE    0.025472 .00680000000000000000 0.0    -.01160000000000000000
457 CE    0.025472 .00760000000000000000 0.0    -.01160000000000000000
458 CE    0.025472 .00840000000000000000 0.0    -.01160000000000000000
459 CE    0.025472 .00920000000000000000 0.0    -.01160000000000000000
460 CE    0.025472 .01000000000000000000 0.0    -.01160000000000000000
461 CE    0.025472 .01080000000000000000 0.0    -.01160000000000000000
462 CE    0.025472 .01160000000000000000 0.0    -.01160000000000000000
463 CE    0.025472 .01240000000000000000 0.0    -.01160000000000000000
464 CE    0.025472 .01320000000000000000 0.0    -.01160000000000000000
465 CE    0.025472 .01400000000000000000 0.0    -.01160000000000000000
466 CE    0.025472 .01480000000000000000 0.0    -.01160000000000000000
467 CE    0.025472 .01560000000000000000 0.0    -.01160000000000000000
468 CE    0.025472 .01640000000000000000 0.0    -.01160000000000000000
469 CE    0.025472 .01720000000000000000 0.0    -.01160000000000000000
470 CE    0.025472 .01800000000000000000 0.0    -.01160000000000000000
471 CE    0.025472 .01880000000000000000 0.0    -.01160000000000000000
472 CE    0.025472 .01960000000000000000 0.0    -.01160000000000000000
473 CE    0.025472 .02040000000000000000 0.0    -.01160000000000000000
474 CE    0.025472 .02120000000000000000 0.0    -.01160000000000000000
475 CE    0.025472 .02200000000000000000 0.0    -.01160000000000000000
476 CE    0.025472 .02280000000000000000 0.0    -.01160000000000000000
477 CE    0.025472 .02360000000000000000 0.0    -.01160000000000000000
478 CE    0.025472 .02440000000000000000 0.0    -.01160000000000000000
479 CE    0.025472 .02520000000000000000 0.0    -.01160000000000000000
480 CE    0.025472 .00040000000000000000 0.0    -.01240000000000000000
481 CE    0.025472 .00120000000000000000 0.0    -.01240000000000000000
482 CE    0.025472 .00200000000000000000 0.0    -.01240000000000000000
483 CE    0.025472 .00280000000000000000 0.0    -.01240000000000000000
484 CE    0.025472 .00360000000000000000 0.0    -.01240000000000000000
485 CE    0.025472 .00440000000000000000 0.0    -.01240000000000000000
486 CE    0.025472 .00520000000000000000 0.0    -.01240000000000000000
487 CE    0.025472 .00600000000000000000 0.0    -.01240000000000000000
488 CE    0.025472 .00680000000000000000 0.0    -.01240000000000000000
489 CE    0.025472 .00760000000000000000 0.0    -.01240000000000000000
490 CE    0.025472 .00840000000000000000 0.0    -.01240000000000000000
491 CE    0.025472 .00920000000000000000 0.0    -.01240000000000000000
492 CE    0.025472 .01000000000000000000 0.0    -.01240000000000000000
493 CE    0.025472 .01080000000000000000 0.0    -.01240000000000000000
494 CE    0.025472 .01160000000000000000 0.0    -.01240000000000000000
495 CE    0.025472 .01240000000000000000 0.0    -.01240000000000000000
496 CE    0.025472 .01320000000000000000 0.0    -.01240000000000000000
497 CE    0.025472 .01400000000000000000 0.0    -.01240000000000000000
498 CE    0.025472 .01480000000000000000 0.0    -.01240000000000000000
499 CE    0.025472 .01560000000000000000 0.0    -.01240000000000000000
500 CE    0.025472 .01640000000000000000 0.0    -.01240000000000000000
501 CE    0.025472 .01720000000000000000 0.0    -.01240000000000000000
502 CE    0.025472 .01800000000000000000 0.0    -.01240000000000000000
503 CE    0.025472 .01880000000000000000 0.0    -.01240000000000000000
504 CE    0.025472 .01960000000000000000 0.0    -.01240000000000000000
505 CE    0.025472 .02040000000000000000 0.0    -.01240000000000000000
506 CE    0.025472 .02120000000000000000 0.0    -.01240000000000000000
507 CE    0.025472 .02200000000000000000 0.0    -.01240000000000000000
508 CE    0.025472 .02280000000000000000 0.0    -.01240000000000000000
509 CE    0.025472 .02360000000000000000 0.0    -.01240000000000000000
510 CE    0.025472 .02440000000000000000 0.0    -.01240000000000000000
511 CE    0.025472 .02520000000000000000 0.0    -.01240000000000000000
512 CE    0.025472 .00040000000000000000 0.0    -.01320000000000000000
513 CE    0.025472 .00120000000000000000 0.0    -.01320000000000000000
514 CE    0.025472 .00200000000000000000 0.0    -.01320000000000000000
515 CE    0.025472 .00280000000000000000 0.0    -.01320000000000000000
516 CE    0.025472 .00360000000000000000 0.0    -.01320000000000000000
517 CE    0.025472 .00440000000000000000 0.0    -.01320000000000000000
518 CE    0.025472 .00520000000000000000 0.0    -.01320000000000000000
519 CE    0.025472 .00600000000000000000 0.0    -.01320000000000000000
520 CE    0.025472 .00680000000000000000 0.0    -.01320000000000000000
521 CE    0.025472 .00760000000000000000 0.0    -.01320000000000000000
522 CE    0.025472 .00840000000000000000 0.0    -.01320000000000000000
523 CE    0.025472 .00920000000000000000 0.0    -.01320000000000000000
524 CE    0.025472 .01000000000000000000 0.0    -.01320000000000000000
525 CE    0.025472 .01080000000000000000 0.0    -.01320000000000000000
526 CE    0.025472 .01160000000000000000 0.0    -.01320000000000000000
527 CE    0.025472 .01240000000000000000 0.0    -.01320000000000000000
528 CE    0.025472 .01320000000000000000 0.0    -.01320000000000000000
529 CE    0.025472 .01400000000000000000 0.0    -.01320000000000000000
530 CE    0.025472 .01480000000000000000 0.0    -.01320000000000000000
531 CE    0.025472 .01560000000000000000 0.0    -.01320000000000000000
532 CE    0.025472 .01640000000000000000 0.0    -.01320000000000000000
533 CE    0.025472 .01720000000000000000 0.0    -.01320000000000000000
534 CE    0.025472 .01800000000000000000 0.0    -.01320000000000000000
535 CE    0.025472 .01880000000000000000 0.0    -.01320000000000000000
536 CE    0.025472 .01960000000000000000 0.0    -.01320000000000000000
537 CE    0.025472 .02040000000000000000 0.0    -.01320000000000000000
538 CE    0.025472 .02120000000000000000 0.0    -.01320000000000000000
539 CE    0.025472 .02200000000000000000 0.0    -.01320000000000000000
540 CE    0.025472 .02280000000000000000 0.0    -.01320000000000000000
541 CE    0.025472 .02360000000000000000 0.0    -.01320000000000000000
542 CE    0.025472 .02440000000000000000 0.0    -.01320000000000000000
543 CE    0.025472 .02520000000000000000 0.0    -.01320000000000000000
544 CE    0.025472 .00040000000000000000 0.0    -.01400000000000000000
545 CE    0.025472 .00120000000000000000 0.0    -.01400000000000000000
546 CE    0.025472 .00200000000000000000 0.0    -.01400000000000000000
547 CE    0.025472 .00280000000000000000 0.0    -.01400000000000000000
548 CE    0.025472 .00360000000000000000 0.0    -.01400000000000000000
549 CE    0.025472 .00440000000000000000 0.0    -.01400000000000000000
550 CE    0.025472 .00520000000000000000 0.0    -.01400000000000000000
551 CE    0.025472 .00600000000000000000 0.0    -.01400000000000000000
552 CE    0.025472 .00680000000000000000 0.0    -.01400000000000000000
553 CE    0.025472 .00760000000000000000 0.0    -.01400000000000000000
554 CE    0.025472 .00840000000000000000 0.0    -.01400000000000000000
555 CE    0.025472 .00920000000000000000 0.0    -.01400000000000000000
556 CE    0.025472 .01000000000000000000 0.0    -.01400000000000000000
557 CE    0.025472 .01080000000000000000 0.0    -.01400000000000000000
558 CE    0.025472 .01160000000000000000 0.0    -.01400000000000000000
559 CE    0.025472 .01240000000000000000 0.0    -.01400000000000000000
560 CE    0.025472 .01320000000000000000 0.0    -.01400000000000000000
561 CE    0.025472 .01400000000000000000 0.0    -.01400000000000000000
562 CE    0.025472 .01480000000000000000 0.0    -.01400000000000000000
563 CE    0.025472 .01560000000000000000 0.0    -.01400000000000000000
564 CE    0.025472 .01640000000000000000 0.0    -.01400000000000000000
565 CE    0.025472 .01720000000000000000 0.0    -.01400000000000000000
566 CE    0.025472 .01800000000000000000 0.0    -.01400000000000000000
567 CE    0.025472 .01880000000000000000 0.0    -.01400000000000000000
568 CE    0.025472 .01960000000000000000 0.0    -.01400000000000000000
569 CE    0.025472 .02040000000000000000 0.0    -.01400000000000000000
570 CE    0.025472 .02120000000000000000 0.0    -.01400000000000000000
571 CE    0.025472 .02200000000000000000 0.0    -.01400000000000000000
572 CE    0.025472 .02280000000000000000 0.0    -.01400000000000000000
573 CE    0.025472 .02360000000000000000 0.0    -.01400000000000000000
574 CE    0.025472 .02440000000000000000 0.0    -.01400000000000000000
575 CE    0.025472 .02520000000000000000 0.0    -.01400000000000000000
576 CE    0.025472 .00040000000000000000 0.0    -.01480000000000000000
577 CE    0.025472 .00120000000000000000 0.0    -.01480000000000000000
578 CE    0.025472 .00200000000000000000 0.0    -.01480000000000000000
579 CE    0.025472 .00280000000000000000 0.0    -.01480000000000000000
580 CE    0.025472 .00360000000000000000 0.0    -.01480000000000000000
581 CE    0.025472 .00440000000000000000 0.0    -.01480000000000000000
582 CE    0.025472 .00520000000000000000 0.0    -.01480000000000000000
583 CE    0.025472 .00600000000000000000 0.0    -.01480000000000000000
584 CE    0.025472 .00680000000000000000 0.0    -.01480000000000000000
585 CE    0.025472 .00760000000000000000 0.0    -.01480000000000000000
586 CE    0.025472 .00840000000000000000 0.0    -.01480000000000000000
587 CE    0.025472 .00920000000000000000 0.0    -.01480000000000000000
588 CE    0.025472 .01000000000000000000 0.0    -.01480000000000000000
589 CE    0.025472 .01080000000000000000 0.0    -.01480000000000000000
590 CE    0.025472 .01160000000000000000 0.0    -.01480000000000000000
591 CE    0.025472 .01240000000000000000 0.0    -.01480000000000000000
592 CE    0.025472 .01320000000000000000 0.0    -.01480000000000000000
593 CE    0.025472 .01400000000000000000 0.0    -.01480000000000000000
594 CE    0.025472 .01480000000000000000 0.0    -.01480000000000000000
595 CE    0.025472 .01560000000000000000 0.0    -.01480000000000000000
596 CE    0.025472 .01640000000000000000 0.0    -.01480000000000000000
597 CE    0.025472 .01720000000000000000 0.0    -.01480000000000000000
598 CE    0.025472 .01800000000000000000 0.0    -.01480000000000000000
599 CE    0.025472 .01880000000000000000 0.0    -.01480000000000000000
600 CE    0.025472 .01960000000000000000 0.0    -.01480000000000000000
601 CE    0.025472 .02040000000000000000 0.0    -.01480000000000000000
602 CE    0.025472 .02120000000000000000 0.0    -.01480000000000000000
603 CE    0.025472 .02200000000000000000 0.0    -.01480000000000000000
604 CE    0.025472 .02280000000000000000 0.0    -.01480000000000000000
605 CE    0.025472 .02360000000000000000 0.0    -.01480000000000000000
606 CE    0.025472 .02440000000000000000 0.0    -.01480000000000000000
607 CE    0.025472 .02520000000000000000 0.0    -.01480000000000000000
608 CE    0.025472 .00040000000000000000 0.0    -.01560000000000000000
609 CE    0.025472 .00120000000000000000 0.0    -.01560000000000000000
610 CE    0.025472 .00200000000000000000 0.0    -.01560000000000000000
611 CE    0.025472 .00280000000000000000 0.0    -.01560000000000000000
612 CE    0.025472 .00360000000000000000 0.0    -.01560000000000000000
613 CE    0.025472 .00440000000000000000 0.0    -.01560000000000000000
614 CE    0.025472 .00520000000000000000 0.0    -.01560000000000000000
615 CE    0.025472 .00600000000000000000 0.0    -.01560000000000000000
616 CE    0.025472 .00680000000000000000 0.0    -.01560000000000000000
617 CE    0.025472 .00760000000000000000 0.0    -.01560000000000000000
618 CE    0.025472 .00840000000000000000 0.0    -.01560000000000000000
619 CE    0.025472 .00920000000000000000 0.0    -.01560000000000000000
620 CE    0.025472 .01000000000000000000 0.0    -.01560000000000000000
621 CE    0.025472 .01080000000000000000 0.0    -.01560000000000000000
622 CE    0.025472 .01160000000000000000 0.0    -.01560000000000000000
623 CE    0.025472 .01240000000000000000 0.0    -.01560000000000000000
624 CE    0.025472 .01320000000000000000 0.0    -.01560000000000000000
625 CE    0.025472 .01400000000000000000 0.0    -.01560000000000000000
626 CE    0.025472 .01480000000000000000 0.0    -.01560000000000000000
627 CE    0.025472 .01560000000000000000 0.0    -.01560000000000000000
628 CE    0.025472 .01640000000000000000 0.0    -.01560000000000000000
629 CE    0.025472 .01720000000000000000 0.0    -.01560000000000000000
630 CE    0.025472 .01800000000000000000 0.0    -.01560000000000000000
631 CE    0.025472 .01880000000000000000 0.0    -.01560000000000000000
632 CE    0.025472 .01960000000000000000 0.0    -.01560000000000000000
633 CE    0.025472 .02040000000000000000 0.0    -.01560000000000000000
634 CE    0.025472 .02120000000000000000 0.0    -.01560000000000000000
635 CE    0.025472 .02200000000000000000 0.0    -.01560000000000000000
636 CE    0.025472 .02280000000000000000 0.0    -.01560000000000000000
637 CE    0.025472 .02360000000000000000 0.0    -.01560000000000000000
638 CE    0.025472 .02440000000000000000 0.0    -.01560000000000000000
639 CE    0.025472 .02520000000000000000 0.0    -.01560000000000000000
640 CE    0.025472 .00040000000000000000 0.0    -.01640000000000000000
641 CE    0.025472 .00120000000000000000 0.0    -.01640000000000000000
642 CE    0.025472 .00200000000000000000 0.0    -.01640000000000000000
643 CE    0.025472 .00280000000000000000 0.0    -.01640000000000000000
644 CE    0.025472 .00360000000000000000 0.0    -.01640000000000000000
645 CE    0.025472 .00440000000000000000 0.0    -.01640000000000000000
646 CE    0.025472 .00520000000000000000 0.0    -.01640000000000000000
647 CE    0.025472 .00600000000000000000 0.0    -.01640000000000000000
648 CE    0.025472 .00680000000000000000 0.0    -.01640000000000000000
649 CE    0.025472 .00760000000000000000 0.0    -.01640000000000000000
650 CE    0.025472 .00840000000000000000 0.0    -.01640000000000000000
651 CE    0.025472 .00920000000000000000 0.0    -.01640000000000000000
652 CE    0.025472 .01000000000000000000 0.0    -.01640000000000000000
653 CE    0.025472 .01080000000000000000 0.0    -.01640000000000000000
654 CE    0.025472 .01160000000000000000 0.0    -.01640000000000000000
655 CE    0.025472 .01240000000000000000 0.0    -.01640000000000000000
656 CE    0.025472 .01320000000000000000 0.0    -.01640000000000000000
657 CE    0.025472 .01400000000000000000 0.0    -.01640000000000000000
658 CE    0.025472 .01480000000000000000 0.0    -.01640000000000000000
659 CE    0.025472 .01560000000000000000 0.0    -.01640000000000000000
660 CE    0.025472 .01640000000000000000 0.0    -.01640000000000000000
661 CE    0.025472 .01720000000000000000 0.0    -.01640000000000000000
662 CE    0.025472 .01800000000000000000 0.0    -.01640000000000000000
663 CE    0.025472 .01880000000000000000 0.0    -.01640000000000000000
664 CE    0.025472 .01960000000000000000 0.0    -.01640000000000000000
665 CE    0.025472 .02040000000000000000 0.0    -.01640000000000000000
666 CE    0.025472 .02120000000000000000 0.0    -.01640000000000000000
667 CE    0.025472 .02200000000000000000 0.0    -.01640000000000000000
668 CE    0.025472 .02280000000000000000 0.0    -.01640000000000000000
669 CE    0.025472 .02360000000000000000 0.0    -.01640000000000000000
670 CE    0.025472 .02440000000000000000 0.0    -.01640000000000000000
671 CE    0.025472 .02520000000000000000 0.0    -.01640000000000000000
672 CE    0.025472 .00040000000000000000 0.0    -.01720000000000000000
673 CE    0.025472 .00120000000000000000 0.0    -.01720000000000000000
674 CE    0.025472 .00200000000000000000 0.0    -.01720000000000000000
675 CE    0.025472 .00280000000000000000 0.0    -.01720000000000000000
676 CE    0.025472 .00360000000000000000 0.0    -.01720000000000000000
677 CE    0.025472 .00440000000000000000 0.0    -.01720000000000000000
678 CE    0.025472 .00520000000000000000 0.0    -.01720000000000000000
679 CE    0.025472 .00600000000000000000 0.0    -.01720000000000000000
680 CE    0.025472 .00680000000000000000 0.0    -.01720000000000000000
681 CE    0.025472 .00760000000000000000 0.0    -.01720000000000000000
682 CE    0.025472 .00840000000000000000 0.0    -.01720000000000000000
683 CE    0.025472 .00920000000000000000 0.0    -.01720000000000000000
684 CE    0.025472 .01000000000000000000 0.0    -.01720000000000000000
685 CE    0.025472 .01080000000000000000 0.0    -.01720000000000000000
686 CE    0.025472 .01160000000000000000 0.0    -.01720000000000000000
687 CE    0.025472 .01240000000000000000 0.0    -.01720000000000000000
688 CE    0.025472 .01320000000000000000 0.0    -.01720000000000000000
689 CE    0.025472 .01400000000000000000 0.0    -.01720000000000000000
690 CE    0.025472 .01480000000000000000 0.0    -.01720000000000000000
691 CE    0.025472 .01560000000000000000 0.0    -.01720000000000000000
692 CE    0.025472 .01640000000000000000 0.0    -.01720000000000000000
693 CE    0.025472 .01720000000000000000 0.0    -.01720000000000000000
694 CE    0.025472 .01800000000000000000 0.0    -.01720000000000000000
695 CE    0.025472 .01880000000000000000 0.0    -.01720000000000000000
696 CE    0.025472 .01960000000000000000 0.0    -.01720000000000000000
697 CE    0.025472 .02040000000000000000 0.0    -.01720000000000000000
698 CE    0.025472 .02120000000000000000 0.0    -.01720000000000000000
699 CE    0.025472 .02200000000000000000 0.0    -.01720000000000000000
700 CE    0.025472 .02280000000000000000 0.0    -.01720000000000000000
701 CE    0.025472 .02360000000000000000 0.0    -.01720000000000000000
702 CE    0.025472 .02440000000000000000 0.0    -.01720000000000000000
703 CE    0.025472 .02520000000000000000 0.0    -.01720000000000000000
704 CE    0.025472 .00040000000000000000 0.0    -.01800000000000000000
705 CE    0.025472 .00120000000000000000 0.0    -.01800000000000000000
706 CE    0.025472 .00200000000000000000 0.0    -.01800000000000000000
707 CE    0.025472 .00280000000000000000 0.0    -.01800000000000000000
708 CE    0.025472 .00360000000000000000 0.0    -.01800000000000000000
709 CE    0.025472 .00440000000000000000 0.0    -.01800000000000000000
710 CE    0.025472 .00520000000000000000 0.0    -.01800000000000000000
711 CE    0.025472 .00600000000000000000 0.0    -.01800000000000000000
712 CE    0.025472 .00680000000000000000 0.0    -.01800000000000000000
713 CE    0.025472 .00760000000000000000 0.0    -.01800000000000000000
714 CE    0.025472 .00840000000000000000 0.0    -.01800000000000000000
715 CE    0.025472 .00920000000000000000 0.0    -.01800000000000000000
716 CE    0.025472 .01000000000000000000 0.0    -.01800000000000000000
717 CE    0.025472 .01080000000000000000 0.0    -.01800000000000000000
718 CE    0.025472 .01160000000000000000 0.0    -.01800000000000000000
719 CE    0.025472 .01240000000000000000 0.0    -.01800000000000000000
720 CE    0.025472 .01320000000000000000 0.0    -.01800000000000000000
721 CE    0.025472 .01400000000000000000 0.0    -.01800000000000000000
722 CE    0.025472 .01480000000000000000 0.0    -.01800000000000000000
723 CE    0.025472 .01560000000000000000 0.0    -.01800000000000000000
724 CE    0.025472 .01640000000000000000 0.0    -.01800000000000000000
725 CE    0.025472 .01720000000000000000 0.0    -.01800000000000000000
726 CE    0.025472 .01800000000000000000 0.0    -.01800000000000000000
727 CE    0.025472 .01880000000000000000 0.0    -.01800000000000000000
728 CE    0.025472 .01960000000000000000 0.0    -.01800000000000000000
729 CE    0.025472 .02040000000000000000 0.0    -.01800000000000000000
730 CE    0.025472 .02120000000000000000 0.0    -.01800000000000000000
731 CE    0.025472 .02200000000000000000 0.0    -.01800000000000000000
732 CE    0.025472 .02280000000000000000 0.0    -.01800000000000000000
733 CE    0.025472 .02360000000000000000 0.0    -.01800000000000000000
734 CE    0.025472 .02440000000000000000 0.0    -.01800000000000000000
735 CE    0.025472 .02520000000000000000 0.0    -.01800000000000000000
736 CE    0.025472 .00040000000000000000 0.0    -.01880000000000000000
737 CE    0.025472 .00120000000000000000 0.0    -.01880000000000000000
738 CE    0.025472 .00200000000000000000 0.0    -.01880000000000000000
739 CE    0.025472 .00280000000000000000 0.0    -.01880000000000000000
740 CE    0.025472 .00360000000000000000 0.0    -.01880000000000000000
741 CE    0.025472 .00440000000000000000 0.0    -.01880000000000000000
742 CE    0.025472 .00520000000000000000 0.0    -.01880000000000000000
743 CE    0.025472 .00600000000000000000 0.0    -.01880000000000000000
744 CE    0.025472 .00680000000000000000 0.0    -.01880000000000000000
745 CE    0.025472 .00760000000000000000 0.0    -.01880000000000000000
746 CE    0.025472 .00840000000000000000 0.0    -.01880000000000000000
747 CE    0.025472 .00920000000000000000 0.0    -.01880000000000000000
748 CE    0.025472 .01000000000000000000 0.0    -.01880000000000000000
749 CE    0.025472 .01080000000000000000 0.0    -.01880000000000000000
750 CE    0.025472 .01160000000000000000 0.0    -.01880000000000000000
751 CE    0.025472 .01240000000000000000 0.0    -.01880000000000000000
752 CE    0.025472 .01320000000000000000 0.0    -.01880000000000000000
753 CE    0.025472 .01400000000000000000 0.0    -.01880000000000000000
754 CE    0.025472 .01480000000000000000 0.0    -.01880000000000000000
755 CE    0.025472 .01560000000000000000 0.0    -.01880000000000000000
756 CE    0.025472 .01640000000000000000 0.0    -.01880000000000000000
757 CE    0.025472 .01720000000000000000 0.0    -.01880000000000000000
758 CE    0.025472 .01800000000000000000 0.0    -.01880000000000000000
759 CE    0.025472 .01880000000000000000 0.0    -.01880000000000000000
760 CE    0.025472 .01960000000000000000 0.0    -.01880000000000000000
761 CE    0.025472 .02040000000000000000 0.0    -.01880000000000000000
762 CE    0.025472 .02120000000000000000 0.0    -.01880000000000000000
763 CE    0.025472 .02200000000000000000 0.0    -.01880000000000000000
764 CE    0.025472 .02280000000000000000 0.0    -.01880000000000000000
765 CE    0.025472 .02360000000000000000 0.0    -.01880000000000000000
766 CE    0.025472 .02440000000000000000 0.0    -.01880000000000000000
767 CE    0.025472 .02520000000000000000 0.0    -.01880000000000000000
768 CE    0.025472 .00040000000000000000 0.0    -.01960000000000000000
769 CE    0.025472 .00120000000000000000 0.0    -.01960000000000000000
770 CE    0.025472 .00200000000000000000 0.0    -.01960000000000000000
771 CE    0.025472 .00280000000000000000 0.0    -.01960000000000000000
772 CE    0.025472 .00360000000000000000 0.0    -.01960000000000000000
773 CE    0.025472 .00440000000000000000 0.0    -.01960000000000000000
774 CE    0.025472 .00520000000000000000 0.0    -.01960000000000000000
775 CE    0.025472 .00600000000000000000 0.0    -.01960000000000000000
776 CE    0.025472 .00680000000000000000 0.0    -.01960000000000000000
777 CE    0.025472 .00760000000000000000 0.0    -.01960000000000000000
778 CE    0.025472 .00840000000000000000 0.0    -.01960000000000000000
779 CE    0.025472 .00920000000000000000 0.0    -.01960000000000000000
780 CE    0.025472 .01000000000000000000 0.0    -.01960000000000000000
781 CE    0.025472 .01080000000000000000 0.0    -.01960000000000000000
782 CE    0.025472 .01160000000000000000 0.0    -.01960000000000000000
783 CE    0.025472 .01240000000000000000 0.0    -.01960000000000000000
784 CE    0.025472 .01320000000000000000 0.0    -.01960000000000000000
785 CE    0.025472 .01400000000000000000 0.0    -.01960000000000000000
786 CE    0.025472 .01480000000000000000 0.0    -.01960000000000000000
787 CE    0.025472 .01560000000000000000 0.0    -.01960000000000000000
788 CE    0.025472 .01640000000000000000 0.0    -.01960000000000000000
789 CE    0.025472 .01720000000000000000 0.0    -.01960000000000000000
790 CE    0.025472 .01800000000000000000 0.0    -.01960000000000000000
791 CE    0.025472 .01880000000000000000 0.0    -.01960000000000000000
792 CE    0.025472 .01960000000000000000 0.0    -.01960000000000000000
793 CE    0.025472 .02040000000000000000 0.0    -.01960000000000000000
794 CE    0.025472 .02120000000000000000 0.0    -.01960000000000000000
795 CE    0.025472 .02200000000000000000 0.0    -.01960000000000000000
796 CE    0.025472 .02280000000000000000 0.0    -.01960000000000000000
797 CE    0.025472 .02360000000000000000 0.0    -.01960000000000000000
798 CE    0.025472 .02440000000000000000 0.0    -.01960000000000000000
799 CE    0.025472 .02520000000000000000 0.0    -.01960000000000000000
800 CE    0.025472 .00040000000000000000 0.0    -.02040000000000000000
801 CE    0.025472 .00120000000000000000 0.0    -.02040000000000000000
802 CE    0.025472 .00200000000000000000 0.0    -.02040000000000000000
803 CE    0.025472 .00280000000000000000 0.0    -.02040000000000000000
804 CE    0.025472 .00360000000000000000 0.0    -.02040000000000000000
805 CE    0.025472 .00440000000000000000 0.0    -.02040000000000000000
806 CE    0.025472 .00520000000000000000 0.0    -.02040000000000000000
807 CE    0.025472 .00600000000000000000 0.0    -.02040000000000000000
808 CE    0.025472 .00680000000000000000 0.0    -.02040000000000000000
809 CE    0.025472 .00760000000000000000 0.0    -.02040000000000000000
810 CE    0.025472 .00840000000000000000 0.0    -.02040000000000000000
811 CE    0.025472 .00920000000000000000 0.0    -.02040000000000000000
812 CE    0.025472 .01000000000000000000 0.0    -.02040000000000000000
813 CE    0.025472 .01080000000000000000 0.0    -.02040000000000000000
814 CE    0.025472 .01160000000000000000 0.0    -.02040000000000000000
815 CE    0.025472 .01240000000000000000 0.0    -.02040000000000000000
816 CE    0.025472 .01320000000000000000 0.0    -.02040000000000000000
817 CE    0.025472 .01400000000000000000 0.0    -.02040000000000000000
818 CE    0.025472 .01480000000000000000 0.0    -.02040000000000000000
819 CE    0.025472 .01560000000000000000 0.0    -.02040000000000000000
820 CE    0.025472 .01640000000000000000 0.0    -.02040000000000000000
821 CE    0.025472 .01720000000000000000 0.0    -.02040000000000000000
822 CE    0.025472 .01800000000000000000 0.0    -.02040000000000000000
823 CE    0.025472 .01880000000000000000 0.0    -.02040000000000000000
824 CE    0.025472 .01960000000000000000 0.0    -.02040000000000000000
825 CE    0.025472 .02040000000000000000 0.0    -.02040000000000000000
826 CE    0.025472 .02120000000000000000 0.0    -.02040000000000000000
827 CE    0.025472 .02200000000000000000 0.0    -.02040000000000000000
828 CE    0.025472 .02280000000000000000 0.0    -.02040000000000000000
829 CE    0.025472 .02360000000000000000 0.0    -.02040000000000000000
830 CE    0.025472 .02440000000000000000 0.0    -.02040000000000000000
831 CE    0.025472 .02520000000000000000 0.0    -.02040000000000000000
832 CE    0.025472 .00040000000000000000 0.0    -.02120000000000000000
833 CE    0.025472 .00120000000000000000 0.0    -.02120000000000000000
834 CE    0.025472 .00200000000000000000 0.0    -.02120000000000000000
835 CE    0.025472 .00280000000000000000 0.0    -.02120000000000000000
836 CE    0.025472 .00360000000000000000 0.0    -.02120000000000000000
837 CE    0.025472 .00440000000000000000 0.0    -.02120000000000000000
838 CE    0.025472 .00520000000000000000 0.0    -.02120000000000000000
839 CE    0.025472 .00600000000000000000 0.0    -.02120000000000000000
840 CE    0.025472 .00680000000000000000 0.0    -.02120000000000000000
841 CE    0.025472 .00760000000000000000 0.0    -.02120000000000000000
842 CE    0.025472 .00840000000000000000 0.0    -.02120000000000000000
843 CE    0.025472 .00920000000000000000 0.0    -.02120000000000000000
844 CE    0.025472 .01000000000000000000 0.0    -.02120000000000000000
845 CE    0.025472 .01080000000000000000 0.0    -.02120000000000000000
846 CE    0.025472 .01160000000000000000 0.0    -.02120000000000000000
847 CE    0.025472 .01240000000000000000 0.0    -.02120000000000000000
848 CE    0.025472 .01320000000000000000 0.0    -.02120000000000000000
849 CE    0.025472 .01400000000000000000 0.0    -.02120000000000000000
850 CE    0.025472 .01480000000000000000 0.0    -.02120000000000000000
851 CE    0.025472 .01560000000000000000 0.0    -.02120000000000000000
852 CE    0.025472 .01640000000000000000 0.0    -.02120000000000000000
853 CE    0.025472 .01720000000000000000 0.0    -.02120000000000000000
854 CE    0.025472 .01800000000000000000 0.0    -.02120000000000000000
855 CE    0.025472 .01880000000000000000 0.0    -.02120000000000000000
856 CE    0.025472 .01960000000000000000 0.0    -.02120000000000000000
857 CE    0.025472 .02040000000000000000 0.0    -.02120000000000000000
858 CE    0.025472 .02120000000000000000 0.0    -.02120000000000000000
859 CE    0.025472 .02200000000000000000 0.0    -.02120000000000000000
860 CE    0.025472 .02280000000000000000 0.0    -.02120000000000000000
861 CE    0.025472 .02360000000000000000 0.0    -.02120000000000000000
862 CE    0.025472 .02440000000000000000 0.0    -.02120000000000000000
863 CE    0.025472 .02520000000000000000 0.0    -.02120000000000000000
864 CE    0.025472 .00040000000000000000 0.0    -.02200000000000000000
865 CE    0.025472 .00120000000000000000 0.0    -.02200000000000000000
866 CE    0.025472 .00200000000000000000 0.0    -.02200000000000000000
867 CE    0.025472 .00280000000000000000 0.0    -.02200000000000000000
868 CE    0.025472 .00360000000000000000 0.0    -.02200000000000000000
869 CE    0.025472 .00440000000000000000 0.0    -.02200000000000000000
870 CE    0.025472 .00520000000000000000 0.0    -.02200000000000000000
871 CE    0.025472 .00600000000000000000 0.0    -.02200000000000000000
872 CE    0.025472 .00680000000000000000 0.0    -.02200000000000000000
873 CE    0.025472 .00760000000000000000 0.0    -.02200000000000000000
874 CE    0.025472 .00840000000000000000 0.0    -.02200000000000000000
875 CE    0.025472 .00920000000000000000 0.0    -.02200000000000000000
876 CE    0.025472 .01000000000000000000 0.0    -.02200000000000000000
877 CE    0.025472 .01080000000000000000 0.0    -.02200000000000000000
878 CE    0.025472 .01160000000000000000 0.0    -.02200000000000000000
879 CE    0.025472 .01240000000000000000 0.0    -.02200000000000000000
880 CE    0.025472 .01320000000000000000 0.0    -.02200000000000000000
881 CE    0.025472 .01400000000000000000 0.0    -.02200000000000000000
882 CE    0.025472 .01480000000000000000 0.0    -.02200000000000000000
883 CE    0.025472 .01560000000000000000 0.0    -.02200000000000000000
884 CE    0.025472 .01640000000000000000 0.0    -.02200000000000000000
885 CE    0.025472 .01720000000000000000 0.0    -.02200000000000000000
886 CE    0.025472 .01800000000000000000 0.0    -.02200000000000000000
887 CE    0.025472 .01880000000000000000 0.0    -.02200000000000000000
888 CE    0.025472 .01960000000000000000 0.0    -.02200000000000000000
889 CE    0.025472 .02040000000000000000 0.0    -.02200000000000000000
890 CE    0.025472 .02120000000000000000 0.0    -.02200000000000000000
891 CE    0.025472 .02200000000000000000 0.0    -.02200000000000000000
892 CE    0.025472 .02280000000000000000 0.0    -.02200000000000000000
893 CE    0.025472 .02360000000000000000 0.0    -.02200000000000000000
894 CE    0.025472 .02440000000000000000 0.0    -.02200000000000000000
895 CE    0.025472 .02520000000000000000 0.0    -.02200000000000000000
896 CE    0.025472 .00040000000000000000 0.0    -.02280000000000000000
897 CE    0.025472 .00120000000000000000 0.0    -.02280000000000000000
898 CE    0.025472 .00200000000000000000 0.0    -.02280000000000000000
899 CE    0.025472 .00280000000000000000 0.0    -.02280000000000000000
900 CE    0.025472 .00360000000000000000 0.0    -.02280000000000000000
901 CE    0.025472 .00440000000000000000 0.0    -.02280000000000000000
902 CE    0.025472 .00520000000000000000 0.0    -.02280000000000000000
903 CE    0.025472 .00600000000000000000 0.0    -.02280000000000000000
904 CE    0.025472 .00680000000000000000 0.0    -.02280000000000000000
905 CE    0.025472 .00760000000000000000 0.0    -.02280000000000000000
906 CE    0.025472 .00840000000000000000 0.0    -.02280000000000000000
907 CE    0.025472 .00920000000000000000 0.0    -.02280000000000000000
908 CE    0.025472 .01000000000000000000 0.0    -.02280000000000000000
909 CE    0.025472 .01080000000000000000 0.0    -.02280000000000000000
910 CE    0.025472 .01160000000000000000 0.0    -.02280000000000000000
911 CE    0.025472 .01240000000000000000 0.0    -.02280000000000000000
912 CE    0.025472 .01320000000000000000 0.0    -.02280000000000000000
913 CE    0.025472 .01400000000000000000 0.0    -.02280000000000000000
914 CE    0.025472 .01480000000000000000 0.0    -.02280000000000000000
915 CE    0.025472 .01560000000000000000 0.0    -.02280000000000000000
916 CE    0.025472 .01640000000000000000 0.0    -.02280000000000000000
917 CE    0.025472 .01720000000000000000 0.0    -.02280000000000000000
918 CE    0.025472 .01800000000000000000 0.0    -.02280000000000000000
919 CE    0.025472 .01880000000000000000 0.0    -.02280000000000000000
920 CE    0.025472 .01960000000000000000 0.0    -.02280000000000000000
921 CE    0.025472 .02040000000000000000 0.0    -.02280000000000000000
922 CE    0.025472 .02120000000000000000 0.0    -.02280000000000000000
923 CE    0.025472 .02200000000000000000 0.0    -.02280000000000000000
924 CE    0.025472 .02280000000000000000 0.0    -.02280000000000000000
925 CE    0.025472 .02360000000000000000 0.0    -.02280000000000000000
926 CE    0.025472 .02440000000000000000 0.0    -.02280000000000000000
927 CE    0.025472 .02520000000000000000 0.0    -.02280000000000000000
928 CE    0.025472 .00040000000000000000 0.0    -.02360000000000000000
929 CE    0.025472 .00120000000000000000 0.0    -.02360000000000000000
930 CE    0.025472 .00200000000000000000 0.0    -.02360000000000000000
931 CE    0.025472 .00280000000000000000 0.0    -.02360000000000000000
932 CE    0.025472 .00360000000000000000 0.0    -.02360000000000000000
933 CE    0.025472 .00440000000000000000 0.0    -.02360000000000000000
934 CE    0.025472 .00520000000000000000 0.0    -.02360000000000000000
935 CE    0.025472 .00600000000000000000 0.0    -.02360000000000000000
936 CE    0.025472 .00680000000000000000 0.0    -.02360000000000000000
937 CE    0.025472 .00760000000000000000 0.0    -.02360000000000000000
938 CE    0.025472 .00840000000000000000 0.0    -.02360000000000000000
939 CE    0.025472 .00920000000000000000 0.0    -.02360000000000000000
940 CE    0.025472 .01000000000000000000 0.0    -.02360000000000000000
941 CE    0.025472 .01080000000000000000 0.0    -.02360000000000000000
942 CE    0.025472 .01160000000000000000 0.0    -.02360000000000000000
943 CE    0.025472 .01240000000000000000 0.0    -.02360000000000000000
944 CE    0.025472 .01320000000000000000 0.0    -.02360000000000000000
945 CE    0.025472 .01400000000000000000 0.0    -.02360000000000000000
946 CE    0.025472 .01480000000000000000 0.0    -.02360000000000000000
947 CE    0.025472 .01560000000000000000 0.0    -.02360000000000000000
948 CE    0.025472 .01640000000000000000 0.0    -.02360000000000000000
949 CE    0.025472 .01720000000000000000 0.0    -.02360000000000000000
950 CE    0.025472 .01800000000000000000 0.0    -.02360000000000000000
951 CE    0.025472 .01880000000000000000 0.0    -.02360000000000000000
952 CE    0.025472 .01960000000000000000 0.0    -.02360000000000000000
953 CE    0.025472 .02040000000000000000 0.0    -.02360000000000000000
954 CE    0.025472 .02120000000000000000 0.0    -.02360000000000000000
955 CE    0.025472 .02200000000000000000 0.0    -.02360000000000000000
956 CE    0.025472 .02280000000000000000 0.0    -.02360000000000000000
957 CE    0.025472 .02360000000000000000 0.0    -.02360000000000000000
958 CE    0.025472 .02440000000000000000 0.0    -.02360000000000000000
959 CE    0.025472 .02520000000000000000 0.0    -.02360000000000000000
960 CE    0.025472 .00040000000000000000 0.0    -.02440000000000000000
961 CE    0.025472 .00120000000000000000 0.0    -.02440000000000000000
962 CE    0.025472 .00200000000000000000 0.0    -.02440000000000000000
963 CE    0.025472 .00280000000000000000 0.0    -.02440000000000000000
964 CE    0.025472 .00360000000000000000 0.0    -.02440000000000000000
965 CE    0.025472 .00440000000000000000 0.0    -.02440000000000000000
966 CE    0.025472 .00520000000000000000 0.0    -.02440000000000000000
967 CE    0.025472 .00600000000000000000 0.0    -.02440000000000000000
968 CE    0.025472 .00680000000000000000 0.0    -.02440000000000000000
969 CE    0.025472 .00760000000000000000 0.0    -.02440000000000000000
970 CE    0.025472 .00840000000000000000 0.0    -.02440000000000000000
971 CE    0.025472 .00920000000000000000 0.0    -.02440000000000000000
972 CE    0.025472 .01000000000000000000 0.0    -.02440000000000000000
973 CE    0.025472 .01080000000000000000 0.0    -.02440000000000000000
974 CE    0.025472 .01160000000000000000 0.0    -.02440000000000000000
975 CE    0.025472 .01240000000000000000 0.0    -.02440000000000000000
976 CE    0.025472 .01320000000000000000 0.0    -.02440000000000000000
977 CE    0.025472 .01400000000000000000 0.0    -.02440000000000000000
978 CE    0.025472 .01480000000000000000 0.0    -.02440000000000000000
979 CE    0.025472 .01560000000000000000 0.0    -.02440000000000000000
980 CE    0.025472 .01640000000000000000 0.0    -.02440000000000000000
981 CE    0.025472 .01720000000000000000 0.0    -.02440000000000000000
982 CE    0.025472 .01800000000000000000 0.0    -.02440000000000000000
983 CE    0.025472 .01880000000000000000 0.0    -.02440000000000000000
984 CE    0.025472 .01960000000000000000 0.0    -.02440000000000000000
985 CE    0.025472 .02040000000000000000 0.0    -.02440000000000000000
986 CE    0.025472 .02120000000000000000 0.0    -.02440000000000000000
987 CE    0.025472 .02200000000000000000 0.0    -.02440000000000000000
988 CE    0.025472 .02280000000000000000 0.0    -.02440000000000000000
989 CE    0.025472 .02360000000000000000 0.0    -.02440000000000000000
990 CE    0.025472 .02440000000000000000 0.0    -.02440000000000000000
991 CE    0.025472 .02520000000000000000 0.0    -.02440000000000000000
992 CE    0.025472 .00040000000000000000 0.0    -.02520000000000000000
993 CE    0.025472 .00120000000000000000 0.0    -.02520000000000000000
994 CE    0.025472 .00200000000000000000 0.0    -.02520000000000000000
995 CE    0.025472 .00280000000000000000 0.0    -.02520000000000000000
996 CE    0.025472 .00360000000000000000 0.0    -.02520000000000000000
997 CE    0.025472 .00440000000000000000 0.0    -.02520000000000000000
998 CE    0.025472 .00520000000000000000 0.0    -.02520000000000000000
999 CE    0.025472 .00600000000000000000 0.0    -.02520000000000000000
1000 CE    0.025472 .00680000000000000000 0.0    -.02520000000000000000
1001 CE    0.025472 .00760000000000000000 0.0    -.02520000000000000000
1002 CE    0.025472 .00840000000000000000 0.0    -.02520000000000000000
1003 CE    0.025472 .00920000000000000000 0.0    -.02520000000000000000
1004 CE    0.025472 .01000000000000000000 0.0    -.02520000000000000000
1005 CE    0.025472 .01080000000000000000 0.0    -.02520000000000000000
1006 CE    0.025472 .01160000000000000000 0.0    -.02520000000000000000
1007 CE    0.025472 .01240000000000000000 0.0    -.02520000000000000000
1008 CE    0.025472 .01320000000000000000 0.0    -.02520000000000000000
1009 CE    0.025472 .01400000000000000000 0.0    -.02520000000000000000
1010 CE    0.025472 .01480000000000000000 0.0    -.02520000000000000000
1011 CE    0.025472 .01560000000000000000 0.0    -.02520000000000000000
1012 CE    0.025472 .01640000000000000000 0.0    -.02520000000000000000
1013 CE    0.025472 .01720000000000000000 0.0    -.02520000000000000000
1014 CE    0.025472 .01800000000000000000 0.0    -.02520000000000000000
1015 CE    0.025472 .01880000000000000000 0.0    -.02520000000000000000
1016 CE    0.025472 .01960000000000000000 0.0    -.02520000000000000000
1017 CE    0.025472 .02040000000000000000 0.0    -.02520000000000000000
1018 CE    0.025472 .02120000000000000000 0.0    -.02520000000000000000
1019 CE    0.025472 .02200000000000000000 0.0    -.02520000000000000000
1020 CE    0.025472 .02280000000000000000 0.0    -.02520000000000000000
1021 CE    0.025472 .02360000000000000000 0.0    -.02520000000000000000
1022 CE    0.025472 .02440000000000000000 0.0    -.02520000000000000000
1023 CE    0.025472 .02520000000000000000 0.0    -.02520000000000000000
