0 CE .00040000000000000000 .00040000000000000000 0.0    -0.000128
1 CE .00040000000000000000 .00120000000000000000 0.0    -0.000128
2 CE .00040000000000000000 .00200000000000000000 0.0    -0.000128
3 CE .00040000000000000000 .00280000000000000000 0.0    -0.000128
4 CE .00040000000000000000 .00360000000000000000 0.0    -0.000128
5 CE .00040000000000000000 .00440000000000000000 0.0    -0.000128
6 CE .00040000000000000000 .00520000000000000000 0.0    -0.000128
7 CE .00040000000000000000 .00600000000000000000 0.0    -0.000128
8 CE .00040000000000000000 .00680000000000000000 0.0    -0.000128
9 CE .00040000000000000000 .00760000000000000000 0.0    -0.000128
10 CE .00040000000000000000 .00840000000000000000 0.0    -0.000128
11 CE .00040000000000000000 .00920000000000000000 0.0    -0.000128
12 CE .00040000000000000000 .01000000000000000000 0.0    -0.000128
13 CE .00040000000000000000 .01080000000000000000 0.0    -0.000128
14 CE .00040000000000000000 .01160000000000000000 0.0    -0.000128
15 CE .00040000000000000000 .01240000000000000000 0.0    -0.000128
16 CE .00040000000000000000 .01320000000000000000 0.0    -0.000128
17 CE .00040000000000000000 .01400000000000000000 0.0    -0.000128
18 CE .00040000000000000000 .01480000000000000000 0.0    -0.000128
19 CE .00040000000000000000 .01560000000000000000 0.0    -0.000128
20 CE .00040000000000000000 .01640000000000000000 0.0    -0.000128
21 CE .00040000000000000000 .01720000000000000000 0.0    -0.000128
22 CE .00040000000000000000 .01800000000000000000 0.0    -0.000128
23 CE .00040000000000000000 .01880000000000000000 0.0    -0.000128
24 CE .00040000000000000000 .01960000000000000000 0.0    -0.000128
25 CE .00040000000000000000 .02040000000000000000 0.0    -0.000128
26 CE .00040000000000000000 .02120000000000000000 0.0    -0.000128
27 CE .00040000000000000000 .02200000000000000000 0.0    -0.000128
28 CE .00040000000000000000 .02280000000000000000 0.0    -0.000128
29 CE .00040000000000000000 .02360000000000000000 0.0    -0.000128
30 CE .00040000000000000000 .02440000000000000000 0.0    -0.000128
31 CE .00040000000000000000 .02520000000000000000 0.0    -0.000128
32 CE .00120000000000000000 .00040000000000000000 0.0    -0.000128
33 CE .00120000000000000000 .00120000000000000000 0.0    -0.000128
34 CE .00120000000000000000 .00200000000000000000 0.0    -0.000128
35 CE .00120000000000000000 .00280000000000000000 0.0    -0.000128
36 CE .00120000000000000000 .00360000000000000000 0.0    -0.000128
37 CE .00120000000000000000 .00440000000000000000 0.0    -0.000128
38 CE .00120000000000000000 .00520000000000000000 0.0    -0.000128
39 CE .00120000000000000000 .00600000000000000000 0.0    -0.000128
40 CE .00120000000000000000 .00680000000000000000 0.0    -0.000128
41 CE .00120000000000000000 .00760000000000000000 0.0    -0.000128
42 CE .00120000000000000000 .00840000000000000000 0.0    -0.000128
43 CE .00120000000000000000 .00920000000000000000 0.0    -0.000128
44 CE .00120000000000000000 .01000000000000000000 0.0    -0.000128
45 CE .00120000000000000000 .01080000000000000000 0.0    -0.000128
46 CE .00120000000000000000 .01160000000000000000 0.0    -0.000128
47 CE .00120000000000000000 .01240000000000000000 0.0    -0.000128
48 CE .00120000000000000000 .01320000000000000000 0.0    -0.000128
49 CE .00120000000000000000 .01400000000000000000 0.0    -0.000128
50 CE .00120000000000000000 .01480000000000000000 0.0    -0.000128
51 CE .00120000000000000000 .01560000000000000000 0.0    -0.000128
52 CE .00120000000000000000 .01640000000000000000 0.0    -0.000128
53 CE .00120000000000000000 .01720000000000000000 0.0    -0.000128
54 CE .00120000000000000000 .01800000000000000000 0.0    -0.000128
55 CE .00120000000000000000 .01880000000000000000 0.0    -0.000128
56 CE .00120000000000000000 .01960000000000000000 0.0    -0.000128
57 CE .00120000000000000000 .02040000000000000000 0.0    -0.000128
58 CE .00120000000000000000 .02120000000000000000 0.0    -0.000128
59 CE .00120000000000000000 .02200000000000000000 0.0    -0.000128
60 CE .00120000000000000000 .02280000000000000000 0.0    -0.000128
61 CE .00120000000000000000 .02360000000000000000 0.0    -0.000128
62 CE .00120000000000000000 .02440000000000000000 0.0    -0.000128
63 CE .00120000000000000000 .02520000000000000000 0.0    -0.000128
64 CE .00200000000000000000 .00040000000000000000 0.0    -0.000128
65 CE .00200000000000000000 .00120000000000000000 0.0    -0.000128
66 CE .00200000000000000000 .00200000000000000000 0.0    -0.000128
67 CE .00200000000000000000 .00280000000000000000 0.0    -0.000128
68 CE .00200000000000000000 .00360000000000000000 0.0    -0.000128
69 CE .00200000000000000000 .00440000000000000000 0.0    -0.000128
70 CE .00200000000000000000 .00520000000000000000 0.0    -0.000128
71 CE .00200000000000000000 .00600000000000000000 0.0    -0.000128
72 CE .00200000000000000000 .00680000000000000000 0.0    -0.000128
73 CE .00200000000000000000 .00760000000000000000 0.0    -0.000128
74 CE .00200000000000000000 .00840000000000000000 0.0    -0.000128
75 CE .00200000000000000000 .00920000000000000000 0.0    -0.000128
76 CE .00200000000000000000 .01000000000000000000 0.0    -0.000128
77 CE .00200000000000000000 .01080000000000000000 0.0    -0.000128
78 CE .00200000000000000000 .01160000000000000000 0.0    -0.000128
79 CE .00200000000000000000 .01240000000000000000 0.0    -0.000128
80 CE .00200000000000000000 .01320000000000000000 0.0    -0.000128
81 CE .00200000000000000000 .01400000000000000000 0.0    -0.000128
82 CE .00200000000000000000 .01480000000000000000 0.0    -0.000128
83 CE .00200000000000000000 .01560000000000000000 0.0    -0.000128
84 CE .00200000000000000000 .01640000000000000000 0.0    -0.000128
85 CE .00200000000000000000 .01720000000000000000 0.0    -0.000128
86 CE .00200000000000000000 .01800000000000000000 0.0    -0.000128
87 CE .00200000000000000000 .01880000000000000000 0.0    -0.000128
88 CE .00200000000000000000 .01960000000000000000 0.0    -0.000128
89 CE .00200000000000000000 .02040000000000000000 0.0    -0.000128
90 CE .00200000000000000000 .02120000000000000000 0.0    -0.000128
91 CE .00200000000000000000 .02200000000000000000 0.0    -0.000128
92 CE .00200000000000000000 .02280000000000000000 0.0    -0.000128
93 CE .00200000000000000000 .02360000000000000000 0.0    -0.000128
94 CE .00200000000000000000 .02440000000000000000 0.0    -0.000128
95 CE .00200000000000000000 .02520000000000000000 0.0    -0.000128
96 CE .00280000000000000000 .00040000000000000000 0.0    -0.000128
97 CE .00280000000000000000 .00120000000000000000 0.0    -0.000128
98 CE .00280000000000000000 .00200000000000000000 0.0    -0.000128
99 CE .00280000000000000000 .00280000000000000000 0.0    -0.000128
100 CE .00280000000000000000 .00360000000000000000 0.0    -0.000128
101 CE .00280000000000000000 .00440000000000000000 0.0    -0.000128
102 CE .00280000000000000000 .00520000000000000000 0.0    -0.000128
103 CE .00280000000000000000 .00600000000000000000 0.0    -0.000128
104 CE .00280000000000000000 .00680000000000000000 0.0    -0.000128
105 CE .00280000000000000000 .00760000000000000000 0.0    -0.000128
106 CE .00280000000000000000 .00840000000000000000 0.0    -0.000128
107 CE .00280000000000000000 .00920000000000000000 0.0    -0.000128
108 CE .00280000000000000000 .01000000000000000000 0.0    -0.000128
109 CE .00280000000000000000 .01080000000000000000 0.0    -0.000128
110 CE .00280000000000000000 .01160000000000000000 0.0    -0.000128
111 CE .00280000000000000000 .01240000000000000000 0.0    -0.000128
112 CE .00280000000000000000 .01320000000000000000 0.0    -0.000128
113 CE .00280000000000000000 .01400000000000000000 0.0    -0.000128
114 CE .00280000000000000000 .01480000000000000000 0.0    -0.000128
115 CE .00280000000000000000 .01560000000000000000 0.0    -0.000128
116 CE .00280000000000000000 .01640000000000000000 0.0    -0.000128
117 CE .00280000000000000000 .01720000000000000000 0.0    -0.000128
118 CE .00280000000000000000 .01800000000000000000 0.0    -0.000128
119 CE .00280000000000000000 .01880000000000000000 0.0    -0.000128
120 CE .00280000000000000000 .01960000000000000000 0.0    -0.000128
121 CE .00280000000000000000 .02040000000000000000 0.0    -0.000128
122 CE .00280000000000000000 .02120000000000000000 0.0    -0.000128
123 CE .00280000000000000000 .02200000000000000000 0.0    -0.000128
124 CE .00280000000000000000 .02280000000000000000 0.0    -0.000128
125 CE .00280000000000000000 .02360000000000000000 0.0    -0.000128
126 CE .00280000000000000000 .02440000000000000000 0.0    -0.000128
127 CE .00280000000000000000 .02520000000000000000 0.0    -0.000128
128 CE .00360000000000000000 .00040000000000000000 0.0    -0.000128
129 CE .00360000000000000000 .00120000000000000000 0.0    -0.000128
130 CE .00360000000000000000 .00200000000000000000 0.0    -0.000128
131 CE .00360000000000000000 .00280000000000000000 0.0    -0.000128
132 CE .00360000000000000000 .00360000000000000000 0.0    -0.000128
133 CE .00360000000000000000 .00440000000000000000 0.0    -0.000128
134 CE .00360000000000000000 .00520000000000000000 0.0    -0.000128
135 CE .00360000000000000000 .00600000000000000000 0.0    -0.000128
136 CE .00360000000000000000 .00680000000000000000 0.0    -0.000128
137 CE .00360000000000000000 .00760000000000000000 0.0    -0.000128
138 CE .00360000000000000000 .00840000000000000000 0.0    -0.000128
139 CE .00360000000000000000 .00920000000000000000 0.0    -0.000128
140 CE .00360000000000000000 .01000000000000000000 0.0    -0.000128
141 CE .00360000000000000000 .01080000000000000000 0.0    -0.000128
142 CE .00360000000000000000 .01160000000000000000 0.0    -0.000128
143 CE .00360000000000000000 .01240000000000000000 0.0    -0.000128
144 CE .00360000000000000000 .01320000000000000000 0.0    -0.000128
145 CE .00360000000000000000 .01400000000000000000 0.0    -0.000128
146 CE .00360000000000000000 .01480000000000000000 0.0    -0.000128
147 CE .00360000000000000000 .01560000000000000000 0.0    -0.000128
148 CE .00360000000000000000 .01640000000000000000 0.0    -0.000128
149 CE .00360000000000000000 .01720000000000000000 0.0    -0.000128
150 CE .00360000000000000000 .01800000000000000000 0.0    -0.000128
151 CE .00360000000000000000 .01880000000000000000 0.0    -0.000128
152 CE .00360000000000000000 .01960000000000000000 0.0    -0.000128
153 CE .00360000000000000000 .02040000000000000000 0.0    -0.000128
154 CE .00360000000000000000 .02120000000000000000 0.0    -0.000128
155 CE .00360000000000000000 .02200000000000000000 0.0    -0.000128
156 CE .00360000000000000000 .02280000000000000000 0.0    -0.000128
157 CE .00360000000000000000 .02360000000000000000 0.0    -0.000128
158 CE .00360000000000000000 .02440000000000000000 0.0    -0.000128
159 CE .00360000000000000000 .02520000000000000000 0.0    -0.000128
160 CE .00440000000000000000 .00040000000000000000 0.0    -0.000128
161 CE .00440000000000000000 .00120000000000000000 0.0    -0.000128
162 CE .00440000000000000000 .00200000000000000000 0.0    -0.000128
163 CE .00440000000000000000 .00280000000000000000 0.0    -0.000128
164 CE .00440000000000000000 .00360000000000000000 0.0    -0.000128
165 CE .00440000000000000000 .00440000000000000000 0.0    -0.000128
166 CE .00440000000000000000 .00520000000000000000 0.0    -0.000128
167 CE .00440000000000000000 .00600000000000000000 0.0    -0.000128
168 CE .00440000000000000000 .00680000000000000000 0.0    -0.000128
169 CE .00440000000000000000 .00760000000000000000 0.0    -0.000128
170 CE .00440000000000000000 .00840000000000000000 0.0    -0.000128
171 CE .00440000000000000000 .00920000000000000000 0.0    -0.000128
172 CE .00440000000000000000 .01000000000000000000 0.0    -0.000128
173 CE .00440000000000000000 .01080000000000000000 0.0    -0.000128
174 CE .00440000000000000000 .01160000000000000000 0.0    -0.000128
175 CE .00440000000000000000 .01240000000000000000 0.0    -0.000128
176 CE .00440000000000000000 .01320000000000000000 0.0    -0.000128
177 CE .00440000000000000000 .01400000000000000000 0.0    -0.000128
178 CE .00440000000000000000 .01480000000000000000 0.0    -0.000128
179 CE .00440000000000000000 .01560000000000000000 0.0    -0.000128
180 CE .00440000000000000000 .01640000000000000000 0.0    -0.000128
181 CE .00440000000000000000 .01720000000000000000 0.0    -0.000128
182 CE .00440000000000000000 .01800000000000000000 0.0    -0.000128
183 CE .00440000000000000000 .01880000000000000000 0.0    -0.000128
184 CE .00440000000000000000 .01960000000000000000 0.0    -0.000128
185 CE .00440000000000000000 .02040000000000000000 0.0    -0.000128
186 CE .00440000000000000000 .02120000000000000000 0.0    -0.000128
187 CE .00440000000000000000 .02200000000000000000 0.0    -0.000128
188 CE .00440000000000000000 .02280000000000000000 0.0    -0.000128
189 CE .00440000000000000000 .02360000000000000000 0.0    -0.000128
190 CE .00440000000000000000 .02440000000000000000 0.0    -0.000128
191 CE .00440000000000000000 .02520000000000000000 0.0    -0.000128
192 CE .00520000000000000000 .00040000000000000000 0.0    -0.000128
193 CE .00520000000000000000 .00120000000000000000 0.0    -0.000128
194 CE .00520000000000000000 .00200000000000000000 0.0    -0.000128
195 CE .00520000000000000000 .00280000000000000000 0.0    -0.000128
196 CE .00520000000000000000 .00360000000000000000 0.0    -0.000128
197 CE .00520000000000000000 .00440000000000000000 0.0    -0.000128
198 CE .00520000000000000000 .00520000000000000000 0.0    -0.000128
199 CE .00520000000000000000 .00600000000000000000 0.0    -0.000128
200 CE .00520000000000000000 .00680000000000000000 0.0    -0.000128
201 CE .00520000000000000000 .00760000000000000000 0.0    -0.000128
202 CE .00520000000000000000 .00840000000000000000 0.0    -0.000128
203 CE .00520000000000000000 .00920000000000000000 0.0    -0.000128
204 CE .00520000000000000000 .01000000000000000000 0.0    -0.000128
205 CE .00520000000000000000 .01080000000000000000 0.0    -0.000128
206 CE .00520000000000000000 .01160000000000000000 0.0    -0.000128
207 CE .00520000000000000000 .01240000000000000000 0.0    -0.000128
208 CE .00520000000000000000 .01320000000000000000 0.0    -0.000128
209 CE .00520000000000000000 .01400000000000000000 0.0    -0.000128
210 CE .00520000000000000000 .01480000000000000000 0.0    -0.000128
211 CE .00520000000000000000 .01560000000000000000 0.0    -0.000128
212 CE .00520000000000000000 .01640000000000000000 0.0    -0.000128
213 CE .00520000000000000000 .01720000000000000000 0.0    -0.000128
214 CE .00520000000000000000 .01800000000000000000 0.0    -0.000128
215 CE .00520000000000000000 .01880000000000000000 0.0    -0.000128
216 CE .00520000000000000000 .01960000000000000000 0.0    -0.000128
217 CE .00520000000000000000 .02040000000000000000 0.0    -0.000128
218 CE .00520000000000000000 .02120000000000000000 0.0    -0.000128
219 CE .00520000000000000000 .02200000000000000000 0.0    -0.000128
220 CE .00520000000000000000 .02280000000000000000 0.0    -0.000128
221 CE .00520000000000000000 .02360000000000000000 0.0    -0.000128
222 CE .00520000000000000000 .02440000000000000000 0.0    -0.000128
223 CE .00520000000000000000 .02520000000000000000 0.0    -0.000128
224 CE .00600000000000000000 .00040000000000000000 0.0    -0.000128
225 CE .00600000000000000000 .00120000000000000000 0.0    -0.000128
226 CE .00600000000000000000 .00200000000000000000 0.0    -0.000128
227 CE .00600000000000000000 .00280000000000000000 0.0    -0.000128
228 CE .00600000000000000000 .00360000000000000000 0.0    -0.000128
229 CE .00600000000000000000 .00440000000000000000 0.0    -0.000128
230 CE .00600000000000000000 .00520000000000000000 0.0    -0.000128
231 CE .00600000000000000000 .00600000000000000000 0.0    -0.000128
232 CE .00600000000000000000 .00680000000000000000 0.0    -0.000128
233 CE .00600000000000000000 .00760000000000000000 0.0    -0.000128
234 CE .00600000000000000000 .00840000000000000000 0.0    -0.000128
235 CE .00600000000000000000 .00920000000000000000 0.0    -0.000128
236 CE .00600000000000000000 .01000000000000000000 0.0    -0.000128
237 CE .00600000000000000000 .01080000000000000000 0.0    -0.000128
238 CE .00600000000000000000 .01160000000000000000 0.0    -0.000128
239 CE .00600000000000000000 .01240000000000000000 0.0    -0.000128
240 CE .00600000000000000000 .01320000000000000000 0.0    -0.000128
241 CE .00600000000000000000 .01400000000000000000 0.0    -0.000128
242 CE .00600000000000000000 .01480000000000000000 0.0    -0.000128
243 CE .00600000000000000000 .01560000000000000000 0.0    -0.000128
244 CE .00600000000000000000 .01640000000000000000 0.0    -0.000128
245 CE .00600000000000000000 .01720000000000000000 0.0    -0.000128
246 CE .00600000000000000000 .01800000000000000000 0.0    -0.000128
247 CE .00600000000000000000 .01880000000000000000 0.0    -0.000128
248 CE .00600000000000000000 .01960000000000000000 0.0    -0.000128
249 CE .00600000000000000000 .02040000000000000000 0.0    -0.000128
250 CE .00600000000000000000 .02120000000000000000 0.0    -0.000128
251 CE .00600000000000000000 .02200000000000000000 0.0    -0.000128
252 CE .00600000000000000000 .02280000000000000000 0.0    -0.000128
253 CE .00600000000000000000 .02360000000000000000 0.0    -0.000128
254 CE .00600000000000000000 .02440000000000000000 0.0    -0.000128
255 CE .00600000000000000000 .02520000000000000000 0.0    -0.000128
256 CE .00680000000000000000 .00040000000000000000 0.0    -0.000128
257 CE .00680000000000000000 .00120000000000000000 0.0    -0.000128
258 CE .00680000000000000000 .00200000000000000000 0.0    -0.000128
259 CE .00680000000000000000 .00280000000000000000 0.0    -0.000128
260 CE .00680000000000000000 .00360000000000000000 0.0    -0.000128
261 CE .00680000000000000000 .00440000000000000000 0.0    -0.000128
262 CE .00680000000000000000 .00520000000000000000 0.0    -0.000128
263 CE .00680000000000000000 .00600000000000000000 0.0    -0.000128
264 CE .00680000000000000000 .00680000000000000000 0.0    -0.000128
265 CE .00680000000000000000 .00760000000000000000 0.0    -0.000128
266 CE .00680000000000000000 .00840000000000000000 0.0    -0.000128
267 CE .00680000000000000000 .00920000000000000000 0.0    -0.000128
268 CE .00680000000000000000 .01000000000000000000 0.0    -0.000128
269 CE .00680000000000000000 .01080000000000000000 0.0    -0.000128
270 CE .00680000000000000000 .01160000000000000000 0.0    -0.000128
271 CE .00680000000000000000 .01240000000000000000 0.0    -0.000128
272 CE .00680000000000000000 .01320000000000000000 0.0    -0.000128
273 CE .00680000000000000000 .01400000000000000000 0.0    -0.000128
274 CE .00680000000000000000 .01480000000000000000 0.0    -0.000128
275 CE .00680000000000000000 .01560000000000000000 0.0    -0.000128
276 CE .00680000000000000000 .01640000000000000000 0.0    -0.000128
277 CE .00680000000000000000 .01720000000000000000 0.0    -0.000128
278 CE .00680000000000000000 .01800000000000000000 0.0    -0.000128
279 CE .00680000000000000000 .01880000000000000000 0.0    -0.000128
280 CE .00680000000000000000 .01960000000000000000 0.0    -0.000128
281 CE .00680000000000000000 .02040000000000000000 0.0    -0.000128
282 CE .00680000000000000000 .02120000000000000000 0.0    -0.000128
283 CE .00680000000000000000 .02200000000000000000 0.0    -0.000128
284 CE .00680000000000000000 .02280000000000000000 0.0    -0.000128
285 CE .00680000000000000000 .02360000000000000000 0.0    -0.000128
286 CE .00680000000000000000 .02440000000000000000 0.0    -0.000128
287 CE .00680000000000000000 .02520000000000000000 0.0    -0.000128
288 CE .00760000000000000000 .00040000000000000000 0.0    -0.000128
289 CE .00760000000000000000 .00120000000000000000 0.0    -0.000128
290 CE .00760000000000000000 .00200000000000000000 0.0    -0.000128
291 CE .00760000000000000000 .00280000000000000000 0.0    -0.000128
292 CE .00760000000000000000 .00360000000000000000 0.0    -0.000128
293 CE .00760000000000000000 .00440000000000000000 0.0    -0.000128
294 CE .00760000000000000000 .00520000000000000000 0.0    -0.000128
295 CE .00760000000000000000 .00600000000000000000 0.0    -0.000128
296 CE .00760000000000000000 .00680000000000000000 0.0    -0.000128
297 CE .00760000000000000000 .00760000000000000000 0.0    -0.000128
298 CE .00760000000000000000 .00840000000000000000 0.0    -0.000128
299 CE .00760000000000000000 .00920000000000000000 0.0    -0.000128
300 CE .00760000000000000000 .01000000000000000000 0.0    -0.000128
301 CE .00760000000000000000 .01080000000000000000 0.0    -0.000128
302 CE .00760000000000000000 .01160000000000000000 0.0    -0.000128
303 CE .00760000000000000000 .01240000000000000000 0.0    -0.000128
304 CE .00760000000000000000 .01320000000000000000 0.0    -0.000128
305 CE .00760000000000000000 .01400000000000000000 0.0    -0.000128
306 CE .00760000000000000000 .01480000000000000000 0.0    -0.000128
307 CE .00760000000000000000 .01560000000000000000 0.0    -0.000128
308 CE .00760000000000000000 .01640000000000000000 0.0    -0.000128
309 CE .00760000000000000000 .01720000000000000000 0.0    -0.000128
310 CE .00760000000000000000 .01800000000000000000 0.0    -0.000128
311 CE .00760000000000000000 .01880000000000000000 0.0    -0.000128
312 CE .00760000000000000000 .01960000000000000000 0.0    -0.000128
313 CE .00760000000000000000 .02040000000000000000 0.0    -0.000128
314 CE .00760000000000000000 .02120000000000000000 0.0    -0.000128
315 CE .00760000000000000000 .02200000000000000000 0.0    -0.000128
316 CE .00760000000000000000 .02280000000000000000 0.0    -0.000128
317 CE .00760000000000000000 .02360000000000000000 0.0    -0.000128
318 CE .00760000000000000000 .02440000000000000000 0.0    -0.000128
319 CE .00760000000000000000 .02520000000000000000 0.0    -0.000128
320 CE .00840000000000000000 .00040000000000000000 0.0    -0.000128
321 CE .00840000000000000000 .00120000000000000000 0.0    -0.000128
322 CE .00840000000000000000 .00200000000000000000 0.0    -0.000128
323 CE .00840000000000000000 .00280000000000000000 0.0    -0.000128
324 CE .00840000000000000000 .00360000000000000000 0.0    -0.000128
325 CE .00840000000000000000 .00440000000000000000 0.0    -0.000128
326 CE .00840000000000000000 .00520000000000000000 0.0    -0.000128
327 CE .00840000000000000000 .00600000000000000000 0.0    -0.000128
328 CE .00840000000000000000 .00680000000000000000 0.0    -0.000128
329 CE .00840000000000000000 .00760000000000000000 0.0    -0.000128
330 CE .00840000000000000000 .00840000000000000000 0.0    -0.000128
331 CE .00840000000000000000 .00920000000000000000 0.0    -0.000128
332 CE .00840000000000000000 .01000000000000000000 0.0    -0.000128
333 CE .00840000000000000000 .01080000000000000000 0.0    -0.000128
334 CE .00840000000000000000 .01160000000000000000 0.0    -0.000128
335 CE .00840000000000000000 .01240000000000000000 0.0    -0.000128
336 CE .00840000000000000000 .01320000000000000000 0.0    -0.000128
337 CE .00840000000000000000 .01400000000000000000 0.0    -0.000128
338 CE .00840000000000000000 .01480000000000000000 0.0    -0.000128
339 CE .00840000000000000000 .01560000000000000000 0.0    -0.000128
340 CE .00840000000000000000 .01640000000000000000 0.0    -0.000128
341 CE .00840000000000000000 .01720000000000000000 0.0    -0.000128
342 CE .00840000000000000000 .01800000000000000000 0.0    -0.000128
343 CE .00840000000000000000 .01880000000000000000 0.0    -0.000128
344 CE .00840000000000000000 .01960000000000000000 0.0    -0.000128
345 CE .00840000000000000000 .02040000000000000000 0.0    -0.000128
346 CE .00840000000000000000 .02120000000000000000 0.0    -0.000128
347 CE .00840000000000000000 .02200000000000000000 0.0    -0.000128
348 CE .00840000000000000000 .02280000000000000000 0.0    -0.000128
349 CE .00840000000000000000 .02360000000000000000 0.0    -0.000128
350 CE .00840000000000000000 .02440000000000000000 0.0    -0.000128
351 CE .00840000000000000000 .02520000000000000000 0.0    -0.000128
352 CE .00920000000000000000 .00040000000000000000 0.0    -0.000128
353 CE .00920000000000000000 .00120000000000000000 0.0    -0.000128
354 CE .00920000000000000000 .00200000000000000000 0.0    -0.000128
355 CE .00920000000000000000 .00280000000000000000 0.0    -0.000128
356 CE .00920000000000000000 .00360000000000000000 0.0    -0.000128
357 CE .00920000000000000000 .00440000000000000000 0.0    -0.000128
358 CE .00920000000000000000 .00520000000000000000 0.0    -0.000128
359 CE .00920000000000000000 .00600000000000000000 0.0    -0.000128
360 CE .00920000000000000000 .00680000000000000000 0.0    -0.000128
361 CE .00920000000000000000 .00760000000000000000 0.0    -0.000128
362 CE .00920000000000000000 .00840000000000000000 0.0    -0.000128
363 CE .00920000000000000000 .00920000000000000000 0.0    -0.000128
364 CE .00920000000000000000 .01000000000000000000 0.0    -0.000128
365 CE .00920000000000000000 .01080000000000000000 0.0    -0.000128
366 CE .00920000000000000000 .01160000000000000000 0.0    -0.000128
367 CE .00920000000000000000 .01240000000000000000 0.0    -0.000128
368 CE .00920000000000000000 .01320000000000000000 0.0    -0.000128
369 CE .00920000000000000000 .01400000000000000000 0.0    -0.000128
370 CE .00920000000000000000 .01480000000000000000 0.0    -0.000128
371 CE .00920000000000000000 .01560000000000000000 0.0    -0.000128
372 CE .00920000000000000000 .01640000000000000000 0.0    -0.000128
373 CE .00920000000000000000 .01720000000000000000 0.0    -0.000128
374 CE .00920000000000000000 .01800000000000000000 0.0    -0.000128
375 CE .00920000000000000000 .01880000000000000000 0.0    -0.000128
376 CE .00920000000000000000 .01960000000000000000 0.0    -0.000128
377 CE .00920000000000000000 .02040000000000000000 0.0    -0.000128
378 CE .00920000000000000000 .02120000000000000000 0.0    -0.000128
379 CE .00920000000000000000 .02200000000000000000 0.0    -0.000128
380 CE .00920000000000000000 .02280000000000000000 0.0    -0.000128
381 CE .00920000000000000000 .02360000000000000000 0.0    -0.000128
382 CE .00920000000000000000 .02440000000000000000 0.0    -0.000128
383 CE .00920000000000000000 .02520000000000000000 0.0    -0.000128
384 CE .01000000000000000000 .00040000000000000000 0.0    -0.000128
385 CE .01000000000000000000 .00120000000000000000 0.0    -0.000128
386 CE .01000000000000000000 .00200000000000000000 0.0    -0.000128
387 CE .01000000000000000000 .00280000000000000000 0.0    -0.000128
388 CE .01000000000000000000 .00360000000000000000 0.0    -0.000128
389 CE .01000000000000000000 .00440000000000000000 0.0    -0.000128
390 CE .01000000000000000000 .00520000000000000000 0.0    -0.000128
391 CE .01000000000000000000 .00600000000000000000 0.0    -0.000128
392 CE .01000000000000000000 .00680000000000000000 0.0    -0.000128
393 CE .01000000000000000000 .00760000000000000000 0.0    -0.000128
394 CE .01000000000000000000 .00840000000000000000 0.0    -0.000128
395 CE .01000000000000000000 .00920000000000000000 0.0    -0.000128
396 CE .01000000000000000000 .01000000000000000000 0.0    -0.000128
397 CE .01000000000000000000 .01080000000000000000 0.0    -0.000128
398 CE .01000000000000000000 .01160000000000000000 0.0    -0.000128
399 CE .01000000000000000000 .01240000000000000000 0.0    -0.000128
400 CE .01000000000000000000 .01320000000000000000 0.0    -0.000128
401 CE .01000000000000000000 .01400000000000000000 0.0    -0.000128
402 CE .01000000000000000000 .01480000000000000000 0.0    -0.000128
403 CE .01000000000000000000 .01560000000000000000 0.0    -0.000128
404 CE .01000000000000000000 .01640000000000000000 0.0    -0.000128
405 CE .01000000000000000000 .01720000000000000000 0.0    -0.000128
406 CE .01000000000000000000 .01800000000000000000 0.0    -0.000128
407 CE .01000000000000000000 .01880000000000000000 0.0    -0.000128
408 CE .01000000000000000000 .01960000000000000000 0.0    -0.000128
409 CE .01000000000000000000 .02040000000000000000 0.0    -0.000128
410 CE .01000000000000000000 .02120000000000000000 0.0    -0.000128
411 CE .01000000000000000000 .02200000000000000000 0.0    -0.000128
412 CE .01000000000000000000 .02280000000000000000 0.0    -0.000128
413 CE .01000000000000000000 .02360000000000000000 0.0    -0.000128
414 CE .01000000000000000000 .02440000000000000000 0.0    -0.000128
415 CE .01000000000000000000 .02520000000000000000 0.0    -0.000128
416 CE .01080000000000000000 .00040000000000000000 0.0    -0.000128
417 CE .01080000000000000000 .00120000000000000000 0.0    -0.000128
418 CE .01080000000000000000 .00200000000000000000 0.0    -0.000128
419 CE .01080000000000000000 .00280000000000000000 0.0    -0.000128
420 CE .01080000000000000000 .00360000000000000000 0.0    -0.000128
421 CE .01080000000000000000 .00440000000000000000 0.0    -0.000128
422 CE .01080000000000000000 .00520000000000000000 0.0    -0.000128
423 CE .01080000000000000000 .00600000000000000000 0.0    -0.000128
424 CE .01080000000000000000 .00680000000000000000 0.0    -0.000128
425 CE .01080000000000000000 .00760000000000000000 0.0    -0.000128
426 CE .01080000000000000000 .00840000000000000000 0.0    -0.000128
427 CE .01080000000000000000 .00920000000000000000 0.0    -0.000128
428 CE .01080000000000000000 .01000000000000000000 0.0    -0.000128
429 CE .01080000000000000000 .01080000000000000000 0.0    -0.000128
430 CE .01080000000000000000 .01160000000000000000 0.0    -0.000128
431 CE .01080000000000000000 .01240000000000000000 0.0    -0.000128
432 CE .01080000000000000000 .01320000000000000000 0.0    -0.000128
433 CE .01080000000000000000 .01400000000000000000 0.0    -0.000128
434 CE .01080000000000000000 .01480000000000000000 0.0    -0.000128
435 CE .01080000000000000000 .01560000000000000000 0.0    -0.000128
436 CE .01080000000000000000 .01640000000000000000 0.0    -0.000128
437 CE .01080000000000000000 .01720000000000000000 0.0    -0.000128
438 CE .01080000000000000000 .01800000000000000000 0.0    -0.000128
439 CE .01080000000000000000 .01880000000000000000 0.0    -0.000128
440 CE .01080000000000000000 .01960000000000000000 0.0    -0.000128
441 CE .01080000000000000000 .02040000000000000000 0.0    -0.000128
442 CE .01080000000000000000 .02120000000000000000 0.0    -0.000128
443 CE .01080000000000000000 .02200000000000000000 0.0    -0.000128
444 CE .01080000000000000000 .02280000000000000000 0.0    -0.000128
445 CE .01080000000000000000 .02360000000000000000 0.0    -0.000128
446 CE .01080000000000000000 .02440000000000000000 0.0    -0.000128
447 CE .01080000000000000000 .02520000000000000000 0.0    -0.000128
448 CE .01160000000000000000 .00040000000000000000 0.0    -0.000128
449 CE .01160000000000000000 .00120000000000000000 0.0    -0.000128
450 CE .01160000000000000000 .00200000000000000000 0.0    -0.000128
451 CE .01160000000000000000 .00280000000000000000 0.0    -0.000128
452 CE .01160000000000000000 .00360000000000000000 0.0    -0.000128
453 CE .01160000000000000000 .00440000000000000000 0.0    -0.000128
454 CE .01160000000000000000 .00520000000000000000 0.0    -0.000128
455 CE .01160000000000000000 .00600000000000000000 0.0    -0.000128
456 CE .01160000000000000000 .00680000000000000000 0.0    -0.000128
457 CE .01160000000000000000 .00760000000000000000 0.0    -0.000128
458 CE .01160000000000000000 .00840000000000000000 0.0    -0.000128
459 CE .01160000000000000000 .00920000000000000000 0.0    -0.000128
460 CE .01160000000000000000 .01000000000000000000 0.0    -0.000128
461 CE .01160000000000000000 .01080000000000000000 0.0    -0.000128
462 CE .01160000000000000000 .01160000000000000000 0.0    -0.000128
463 CE .01160000000000000000 .01240000000000000000 0.0    -0.000128
464 CE .01160000000000000000 .01320000000000000000 0.0    -0.000128
465 CE .01160000000000000000 .01400000000000000000 0.0    -0.000128
466 CE .01160000000000000000 .01480000000000000000 0.0    -0.000128
467 CE .01160000000000000000 .01560000000000000000 0.0    -0.000128
468 CE .01160000000000000000 .01640000000000000000 0.0    -0.000128
469 CE .01160000000000000000 .01720000000000000000 0.0    -0.000128
470 CE .01160000000000000000 .01800000000000000000 0.0    -0.000128
471 CE .01160000000000000000 .01880000000000000000 0.0    -0.000128
472 CE .01160000000000000000 .01960000000000000000 0.0    -0.000128
473 CE .01160000000000000000 .02040000000000000000 0.0    -0.000128
474 CE .01160000000000000000 .02120000000000000000 0.0    -0.000128
475 CE .01160000000000000000 .02200000000000000000 0.0    -0.000128
476 CE .01160000000000000000 .02280000000000000000 0.0    -0.000128
477 CE .01160000000000000000 .02360000000000000000 0.0    -0.000128
478 CE .01160000000000000000 .02440000000000000000 0.0    -0.000128
479 CE .01160000000000000000 .02520000000000000000 0.0    -0.000128
480 CE .01240000000000000000 .00040000000000000000 0.0    -0.000128
481 CE .01240000000000000000 .00120000000000000000 0.0    -0.000128
482 CE .01240000000000000000 .00200000000000000000 0.0    -0.000128
483 CE .01240000000000000000 .00280000000000000000 0.0    -0.000128
484 CE .01240000000000000000 .00360000000000000000 0.0    -0.000128
485 CE .01240000000000000000 .00440000000000000000 0.0    -0.000128
486 CE .01240000000000000000 .00520000000000000000 0.0    -0.000128
487 CE .01240000000000000000 .00600000000000000000 0.0    -0.000128
488 CE .01240000000000000000 .00680000000000000000 0.0    -0.000128
489 CE .01240000000000000000 .00760000000000000000 0.0    -0.000128
490 CE .01240000000000000000 .00840000000000000000 0.0    -0.000128
491 CE .01240000000000000000 .00920000000000000000 0.0    -0.000128
492 CE .01240000000000000000 .01000000000000000000 0.0    -0.000128
493 CE .01240000000000000000 .01080000000000000000 0.0    -0.000128
494 CE .01240000000000000000 .01160000000000000000 0.0    -0.000128
495 CE .01240000000000000000 .01240000000000000000 0.0    -0.000128
496 CE .01240000000000000000 .01320000000000000000 0.0    -0.000128
497 CE .01240000000000000000 .01400000000000000000 0.0    -0.000128
498 CE .01240000000000000000 .01480000000000000000 0.0    -0.000128
499 CE .01240000000000000000 .01560000000000000000 0.0    -0.000128
500 CE .01240000000000000000 .01640000000000000000 0.0    -0.000128
501 CE .01240000000000000000 .01720000000000000000 0.0    -0.000128
502 CE .01240000000000000000 .01800000000000000000 0.0    -0.000128
503 CE .01240000000000000000 .01880000000000000000 0.0    -0.000128
504 CE .01240000000000000000 .01960000000000000000 0.0    -0.000128
505 CE .01240000000000000000 .02040000000000000000 0.0    -0.000128
506 CE .01240000000000000000 .02120000000000000000 0.0    -0.000128
507 CE .01240000000000000000 .02200000000000000000 0.0    -0.000128
508 CE .01240000000000000000 .02280000000000000000 0.0    -0.000128
509 CE .01240000000000000000 .02360000000000000000 0.0    -0.000128
510 CE .01240000000000000000 .02440000000000000000 0.0    -0.000128
511 CE .01240000000000000000 .02520000000000000000 0.0    -0.000128
512 CE .01320000000000000000 .00040000000000000000 0.0    -0.000128
513 CE .01320000000000000000 .00120000000000000000 0.0    -0.000128
514 CE .01320000000000000000 .00200000000000000000 0.0    -0.000128
515 CE .01320000000000000000 .00280000000000000000 0.0    -0.000128
516 CE .01320000000000000000 .00360000000000000000 0.0    -0.000128
517 CE .01320000000000000000 .00440000000000000000 0.0    -0.000128
518 CE .01320000000000000000 .00520000000000000000 0.0    -0.000128
519 CE .01320000000000000000 .00600000000000000000 0.0    -0.000128
520 CE .01320000000000000000 .00680000000000000000 0.0    -0.000128
521 CE .01320000000000000000 .00760000000000000000 0.0    -0.000128
522 CE .01320000000000000000 .00840000000000000000 0.0    -0.000128
523 CE .01320000000000000000 .00920000000000000000 0.0    -0.000128
524 CE .01320000000000000000 .01000000000000000000 0.0    -0.000128
525 CE .01320000000000000000 .01080000000000000000 0.0    -0.000128
526 CE .01320000000000000000 .01160000000000000000 0.0    -0.000128
527 CE .01320000000000000000 .01240000000000000000 0.0    -0.000128
528 CE .01320000000000000000 .01320000000000000000 0.0    -0.000128
529 CE .01320000000000000000 .01400000000000000000 0.0    -0.000128
530 CE .01320000000000000000 .01480000000000000000 0.0    -0.000128
531 CE .01320000000000000000 .01560000000000000000 0.0    -0.000128
532 CE .01320000000000000000 .01640000000000000000 0.0    -0.000128
533 CE .01320000000000000000 .01720000000000000000 0.0    -0.000128
534 CE .01320000000000000000 .01800000000000000000 0.0    -0.000128
535 CE .01320000000000000000 .01880000000000000000 0.0    -0.000128
536 CE .01320000000000000000 .01960000000000000000 0.0    -0.000128
537 CE .01320000000000000000 .02040000000000000000 0.0    -0.000128
538 CE .01320000000000000000 .02120000000000000000 0.0    -0.000128
539 CE .01320000000000000000 .02200000000000000000 0.0    -0.000128
540 CE .01320000000000000000 .02280000000000000000 0.0    -0.000128
541 CE .01320000000000000000 .02360000000000000000 0.0    -0.000128
542 CE .01320000000000000000 .02440000000000000000 0.0    -0.000128
543 CE .01320000000000000000 .02520000000000000000 0.0    -0.000128
544 CE .01400000000000000000 .00040000000000000000 0.0    -0.000128
545 CE .01400000000000000000 .00120000000000000000 0.0    -0.000128
546 CE .01400000000000000000 .00200000000000000000 0.0    -0.000128
547 CE .01400000000000000000 .00280000000000000000 0.0    -0.000128
548 CE .01400000000000000000 .00360000000000000000 0.0    -0.000128
549 CE .01400000000000000000 .00440000000000000000 0.0    -0.000128
550 CE .01400000000000000000 .00520000000000000000 0.0    -0.000128
551 CE .01400000000000000000 .00600000000000000000 0.0    -0.000128
552 CE .01400000000000000000 .00680000000000000000 0.0    -0.000128
553 CE .01400000000000000000 .00760000000000000000 0.0    -0.000128
554 CE .01400000000000000000 .00840000000000000000 0.0    -0.000128
555 CE .01400000000000000000 .00920000000000000000 0.0    -0.000128
556 CE .01400000000000000000 .01000000000000000000 0.0    -0.000128
557 CE .01400000000000000000 .01080000000000000000 0.0    -0.000128
558 CE .01400000000000000000 .01160000000000000000 0.0    -0.000128
559 CE .01400000000000000000 .01240000000000000000 0.0    -0.000128
560 CE .01400000000000000000 .01320000000000000000 0.0    -0.000128
561 CE .01400000000000000000 .01400000000000000000 0.0    -0.000128
562 CE .01400000000000000000 .01480000000000000000 0.0    -0.000128
563 CE .01400000000000000000 .01560000000000000000 0.0    -0.000128
564 CE .01400000000000000000 .01640000000000000000 0.0    -0.000128
565 CE .01400000000000000000 .01720000000000000000 0.0    -0.000128
566 CE .01400000000000000000 .01800000000000000000 0.0    -0.000128
567 CE .01400000000000000000 .01880000000000000000 0.0    -0.000128
568 CE .01400000000000000000 .01960000000000000000 0.0    -0.000128
569 CE .01400000000000000000 .02040000000000000000 0.0    -0.000128
570 CE .01400000000000000000 .02120000000000000000 0.0    -0.000128
571 CE .01400000000000000000 .02200000000000000000 0.0    -0.000128
572 CE .01400000000000000000 .02280000000000000000 0.0    -0.000128
573 CE .01400000000000000000 .02360000000000000000 0.0    -0.000128
574 CE .01400000000000000000 .02440000000000000000 0.0    -0.000128
575 CE .01400000000000000000 .02520000000000000000 0.0    -0.000128
576 CE .01480000000000000000 .00040000000000000000 0.0    -0.000128
577 CE .01480000000000000000 .00120000000000000000 0.0    -0.000128
578 CE .01480000000000000000 .00200000000000000000 0.0    -0.000128
579 CE .01480000000000000000 .00280000000000000000 0.0    -0.000128
580 CE .01480000000000000000 .00360000000000000000 0.0    -0.000128
581 CE .01480000000000000000 .00440000000000000000 0.0    -0.000128
582 CE .01480000000000000000 .00520000000000000000 0.0    -0.000128
583 CE .01480000000000000000 .00600000000000000000 0.0    -0.000128
584 CE .01480000000000000000 .00680000000000000000 0.0    -0.000128
585 CE .01480000000000000000 .00760000000000000000 0.0    -0.000128
586 CE .01480000000000000000 .00840000000000000000 0.0    -0.000128
587 CE .01480000000000000000 .00920000000000000000 0.0    -0.000128
588 CE .01480000000000000000 .01000000000000000000 0.0    -0.000128
589 CE .01480000000000000000 .01080000000000000000 0.0    -0.000128
590 CE .01480000000000000000 .01160000000000000000 0.0    -0.000128
591 CE .01480000000000000000 .01240000000000000000 0.0    -0.000128
592 CE .01480000000000000000 .01320000000000000000 0.0    -0.000128
593 CE .01480000000000000000 .01400000000000000000 0.0    -0.000128
594 CE .01480000000000000000 .01480000000000000000 0.0    -0.000128
595 CE .01480000000000000000 .01560000000000000000 0.0    -0.000128
596 CE .01480000000000000000 .01640000000000000000 0.0    -0.000128
597 CE .01480000000000000000 .01720000000000000000 0.0    -0.000128
598 CE .01480000000000000000 .01800000000000000000 0.0    -0.000128
599 CE .01480000000000000000 .01880000000000000000 0.0    -0.000128
600 CE .01480000000000000000 .01960000000000000000 0.0    -0.000128
601 CE .01480000000000000000 .02040000000000000000 0.0    -0.000128
602 CE .01480000000000000000 .02120000000000000000 0.0    -0.000128
603 CE .01480000000000000000 .02200000000000000000 0.0    -0.000128
604 CE .01480000000000000000 .02280000000000000000 0.0    -0.000128
605 CE .01480000000000000000 .02360000000000000000 0.0    -0.000128
606 CE .01480000000000000000 .02440000000000000000 0.0    -0.000128
607 CE .01480000000000000000 .02520000000000000000 0.0    -0.000128
608 CE .01560000000000000000 .00040000000000000000 0.0    -0.000128
609 CE .01560000000000000000 .00120000000000000000 0.0    -0.000128
610 CE .01560000000000000000 .00200000000000000000 0.0    -0.000128
611 CE .01560000000000000000 .00280000000000000000 0.0    -0.000128
612 CE .01560000000000000000 .00360000000000000000 0.0    -0.000128
613 CE .01560000000000000000 .00440000000000000000 0.0    -0.000128
614 CE .01560000000000000000 .00520000000000000000 0.0    -0.000128
615 CE .01560000000000000000 .00600000000000000000 0.0    -0.000128
616 CE .01560000000000000000 .00680000000000000000 0.0    -0.000128
617 CE .01560000000000000000 .00760000000000000000 0.0    -0.000128
618 CE .01560000000000000000 .00840000000000000000 0.0    -0.000128
619 CE .01560000000000000000 .00920000000000000000 0.0    -0.000128
620 CE .01560000000000000000 .01000000000000000000 0.0    -0.000128
621 CE .01560000000000000000 .01080000000000000000 0.0    -0.000128
622 CE .01560000000000000000 .01160000000000000000 0.0    -0.000128
623 CE .01560000000000000000 .01240000000000000000 0.0    -0.000128
624 CE .01560000000000000000 .01320000000000000000 0.0    -0.000128
625 CE .01560000000000000000 .01400000000000000000 0.0    -0.000128
626 CE .01560000000000000000 .01480000000000000000 0.0    -0.000128
627 CE .01560000000000000000 .01560000000000000000 0.0    -0.000128
628 CE .01560000000000000000 .01640000000000000000 0.0    -0.000128
629 CE .01560000000000000000 .01720000000000000000 0.0    -0.000128
630 CE .01560000000000000000 .01800000000000000000 0.0    -0.000128
631 CE .01560000000000000000 .01880000000000000000 0.0    -0.000128
632 CE .01560000000000000000 .01960000000000000000 0.0    -0.000128
633 CE .01560000000000000000 .02040000000000000000 0.0    -0.000128
634 CE .01560000000000000000 .02120000000000000000 0.0    -0.000128
635 CE .01560000000000000000 .02200000000000000000 0.0    -0.000128
636 CE .01560000000000000000 .02280000000000000000 0.0    -0.000128
637 CE .01560000000000000000 .02360000000000000000 0.0    -0.000128
638 CE .01560000000000000000 .02440000000000000000 0.0    -0.000128
639 CE .01560000000000000000 .02520000000000000000 0.0    -0.000128
640 CE .01640000000000000000 .00040000000000000000 0.0    -0.000128
641 CE .01640000000000000000 .00120000000000000000 0.0    -0.000128
642 CE .01640000000000000000 .00200000000000000000 0.0    -0.000128
643 CE .01640000000000000000 .00280000000000000000 0.0    -0.000128
644 CE .01640000000000000000 .00360000000000000000 0.0    -0.000128
645 CE .01640000000000000000 .00440000000000000000 0.0    -0.000128
646 CE .01640000000000000000 .00520000000000000000 0.0    -0.000128
647 CE .01640000000000000000 .00600000000000000000 0.0    -0.000128
648 CE .01640000000000000000 .00680000000000000000 0.0    -0.000128
649 CE .01640000000000000000 .00760000000000000000 0.0    -0.000128
650 CE .01640000000000000000 .00840000000000000000 0.0    -0.000128
651 CE .01640000000000000000 .00920000000000000000 0.0    -0.000128
652 CE .01640000000000000000 .01000000000000000000 0.0    -0.000128
653 CE .01640000000000000000 .01080000000000000000 0.0    -0.000128
654 CE .01640000000000000000 .01160000000000000000 0.0    -0.000128
655 CE .01640000000000000000 .01240000000000000000 0.0    -0.000128
656 CE .01640000000000000000 .01320000000000000000 0.0    -0.000128
657 CE .01640000000000000000 .01400000000000000000 0.0    -0.000128
658 CE .01640000000000000000 .01480000000000000000 0.0    -0.000128
659 CE .01640000000000000000 .01560000000000000000 0.0    -0.000128
660 CE .01640000000000000000 .01640000000000000000 0.0    -0.000128
661 CE .01640000000000000000 .01720000000000000000 0.0    -0.000128
662 CE .01640000000000000000 .01800000000000000000 0.0    -0.000128
663 CE .01640000000000000000 .01880000000000000000 0.0    -0.000128
664 CE .01640000000000000000 .01960000000000000000 0.0    -0.000128
665 CE .01640000000000000000 .02040000000000000000 0.0    -0.000128
666 CE .01640000000000000000 .02120000000000000000 0.0    -0.000128
667 CE .01640000000000000000 .02200000000000000000 0.0    -0.000128
668 CE .01640000000000000000 .02280000000000000000 0.0    -0.000128
669 CE .01640000000000000000 .02360000000000000000 0.0    -0.000128
670 CE .01640000000000000000 .02440000000000000000 0.0    -0.000128
671 CE .01640000000000000000 .02520000000000000000 0.0    -0.000128
672 CE .01720000000000000000 .00040000000000000000 0.0    -0.000128
673 CE .01720000000000000000 .00120000000000000000 0.0    -0.000128
674 CE .01720000000000000000 .00200000000000000000 0.0    -0.000128
675 CE .01720000000000000000 .00280000000000000000 0.0    -0.000128
676 CE .01720000000000000000 .00360000000000000000 0.0    -0.000128
677 CE .01720000000000000000 .00440000000000000000 0.0    -0.000128
678 CE .01720000000000000000 .00520000000000000000 0.0    -0.000128
679 CE .01720000000000000000 .00600000000000000000 0.0    -0.000128
680 CE .01720000000000000000 .00680000000000000000 0.0    -0.000128
681 CE .01720000000000000000 .00760000000000000000 0.0    -0.000128
682 CE .01720000000000000000 .00840000000000000000 0.0    -0.000128
683 CE .01720000000000000000 .00920000000000000000 0.0    -0.000128
684 CE .01720000000000000000 .01000000000000000000 0.0    -0.000128
685 CE .01720000000000000000 .01080000000000000000 0.0    -0.000128
686 CE .01720000000000000000 .01160000000000000000 0.0    -0.000128
687 CE .01720000000000000000 .01240000000000000000 0.0    -0.000128
688 CE .01720000000000000000 .01320000000000000000 0.0    -0.000128
689 CE .01720000000000000000 .01400000000000000000 0.0    -0.000128
690 CE .01720000000000000000 .01480000000000000000 0.0    -0.000128
691 CE .01720000000000000000 .01560000000000000000 0.0    -0.000128
692 CE .01720000000000000000 .01640000000000000000 0.0    -0.000128
693 CE .01720000000000000000 .01720000000000000000 0.0    -0.000128
694 CE .01720000000000000000 .01800000000000000000 0.0    -0.000128
695 CE .01720000000000000000 .01880000000000000000 0.0    -0.000128
696 CE .01720000000000000000 .01960000000000000000 0.0    -0.000128
697 CE .01720000000000000000 .02040000000000000000 0.0    -0.000128
698 CE .01720000000000000000 .02120000000000000000 0.0    -0.000128
699 CE .01720000000000000000 .02200000000000000000 0.0    -0.000128
700 CE .01720000000000000000 .02280000000000000000 0.0    -0.000128
701 CE .01720000000000000000 .02360000000000000000 0.0    -0.000128
702 CE .01720000000000000000 .02440000000000000000 0.0    -0.000128
703 CE .01720000000000000000 .02520000000000000000 0.0    -0.000128
704 CE .01800000000000000000 .00040000000000000000 0.0    -0.000128
705 CE .01800000000000000000 .00120000000000000000 0.0    -0.000128
706 CE .01800000000000000000 .00200000000000000000 0.0    -0.000128
707 CE .01800000000000000000 .00280000000000000000 0.0    -0.000128
708 CE .01800000000000000000 .00360000000000000000 0.0    -0.000128
709 CE .01800000000000000000 .00440000000000000000 0.0    -0.000128
710 CE .01800000000000000000 .00520000000000000000 0.0    -0.000128
711 CE .01800000000000000000 .00600000000000000000 0.0    -0.000128
712 CE .01800000000000000000 .00680000000000000000 0.0    -0.000128
713 CE .01800000000000000000 .00760000000000000000 0.0    -0.000128
714 CE .01800000000000000000 .00840000000000000000 0.0    -0.000128
715 CE .01800000000000000000 .00920000000000000000 0.0    -0.000128
716 CE .01800000000000000000 .01000000000000000000 0.0    -0.000128
717 CE .01800000000000000000 .01080000000000000000 0.0    -0.000128
718 CE .01800000000000000000 .01160000000000000000 0.0    -0.000128
719 CE .01800000000000000000 .01240000000000000000 0.0    -0.000128
720 CE .01800000000000000000 .01320000000000000000 0.0    -0.000128
721 CE .01800000000000000000 .01400000000000000000 0.0    -0.000128
722 CE .01800000000000000000 .01480000000000000000 0.0    -0.000128
723 CE .01800000000000000000 .01560000000000000000 0.0    -0.000128
724 CE .01800000000000000000 .01640000000000000000 0.0    -0.000128
725 CE .01800000000000000000 .01720000000000000000 0.0    -0.000128
726 CE .01800000000000000000 .01800000000000000000 0.0    -0.000128
727 CE .01800000000000000000 .01880000000000000000 0.0    -0.000128
728 CE .01800000000000000000 .01960000000000000000 0.0    -0.000128
729 CE .01800000000000000000 .02040000000000000000 0.0    -0.000128
730 CE .01800000000000000000 .02120000000000000000 0.0    -0.000128
731 CE .01800000000000000000 .02200000000000000000 0.0    -0.000128
732 CE .01800000000000000000 .02280000000000000000 0.0    -0.000128
733 CE .01800000000000000000 .02360000000000000000 0.0    -0.000128
734 CE .01800000000000000000 .02440000000000000000 0.0    -0.000128
735 CE .01800000000000000000 .02520000000000000000 0.0    -0.000128
736 CE .01880000000000000000 .00040000000000000000 0.0    -0.000128
737 CE .01880000000000000000 .00120000000000000000 0.0    -0.000128
738 CE .01880000000000000000 .00200000000000000000 0.0    -0.000128
739 CE .01880000000000000000 .00280000000000000000 0.0    -0.000128
740 CE .01880000000000000000 .00360000000000000000 0.0    -0.000128
741 CE .01880000000000000000 .00440000000000000000 0.0    -0.000128
742 CE .01880000000000000000 .00520000000000000000 0.0    -0.000128
743 CE .01880000000000000000 .00600000000000000000 0.0    -0.000128
744 CE .01880000000000000000 .00680000000000000000 0.0    -0.000128
745 CE .01880000000000000000 .00760000000000000000 0.0    -0.000128
746 CE .01880000000000000000 .00840000000000000000 0.0    -0.000128
747 CE .01880000000000000000 .00920000000000000000 0.0    -0.000128
748 CE .01880000000000000000 .01000000000000000000 0.0    -0.000128
749 CE .01880000000000000000 .01080000000000000000 0.0    -0.000128
750 CE .01880000000000000000 .01160000000000000000 0.0    -0.000128
751 CE .01880000000000000000 .01240000000000000000 0.0    -0.000128
752 CE .01880000000000000000 .01320000000000000000 0.0    -0.000128
753 CE .01880000000000000000 .01400000000000000000 0.0    -0.000128
754 CE .01880000000000000000 .01480000000000000000 0.0    -0.000128
755 CE .01880000000000000000 .01560000000000000000 0.0    -0.000128
756 CE .01880000000000000000 .01640000000000000000 0.0    -0.000128
757 CE .01880000000000000000 .01720000000000000000 0.0    -0.000128
758 CE .01880000000000000000 .01800000000000000000 0.0    -0.000128
759 CE .01880000000000000000 .01880000000000000000 0.0    -0.000128
760 CE .01880000000000000000 .01960000000000000000 0.0    -0.000128
761 CE .01880000000000000000 .02040000000000000000 0.0    -0.000128
762 CE .01880000000000000000 .02120000000000000000 0.0    -0.000128
763 CE .01880000000000000000 .02200000000000000000 0.0    -0.000128
764 CE .01880000000000000000 .02280000000000000000 0.0    -0.000128
765 CE .01880000000000000000 .02360000000000000000 0.0    -0.000128
766 CE .01880000000000000000 .02440000000000000000 0.0    -0.000128
767 CE .01880000000000000000 .02520000000000000000 0.0    -0.000128
768 CE .01960000000000000000 .00040000000000000000 0.0    -0.000128
769 CE .01960000000000000000 .00120000000000000000 0.0    -0.000128
770 CE .01960000000000000000 .00200000000000000000 0.0    -0.000128
771 CE .01960000000000000000 .00280000000000000000 0.0    -0.000128
772 CE .01960000000000000000 .00360000000000000000 0.0    -0.000128
773 CE .01960000000000000000 .00440000000000000000 0.0    -0.000128
774 CE .01960000000000000000 .00520000000000000000 0.0    -0.000128
775 CE .01960000000000000000 .00600000000000000000 0.0    -0.000128
776 CE .01960000000000000000 .00680000000000000000 0.0    -0.000128
777 CE .01960000000000000000 .00760000000000000000 0.0    -0.000128
778 CE .01960000000000000000 .00840000000000000000 0.0    -0.000128
779 CE .01960000000000000000 .00920000000000000000 0.0    -0.000128
780 CE .01960000000000000000 .01000000000000000000 0.0    -0.000128
781 CE .01960000000000000000 .01080000000000000000 0.0    -0.000128
782 CE .01960000000000000000 .01160000000000000000 0.0    -0.000128
783 CE .01960000000000000000 .01240000000000000000 0.0    -0.000128
784 CE .01960000000000000000 .01320000000000000000 0.0    -0.000128
785 CE .01960000000000000000 .01400000000000000000 0.0    -0.000128
786 CE .01960000000000000000 .01480000000000000000 0.0    -0.000128
787 CE .01960000000000000000 .01560000000000000000 0.0    -0.000128
788 CE .01960000000000000000 .01640000000000000000 0.0    -0.000128
789 CE .01960000000000000000 .01720000000000000000 0.0    -0.000128
790 CE .01960000000000000000 .01800000000000000000 0.0    -0.000128
791 CE .01960000000000000000 .01880000000000000000 0.0    -0.000128
792 CE .01960000000000000000 .01960000000000000000 0.0    -0.000128
793 CE .01960000000000000000 .02040000000000000000 0.0    -0.000128
794 CE .01960000000000000000 .02120000000000000000 0.0    -0.000128
795 CE .01960000000000000000 .02200000000000000000 0.0    -0.000128
796 CE .01960000000000000000 .02280000000000000000 0.0    -0.000128
797 CE .01960000000000000000 .02360000000000000000 0.0    -0.000128
798 CE .01960000000000000000 .02440000000000000000 0.0    -0.000128
799 CE .01960000000000000000 .02520000000000000000 0.0    -0.000128
800 CE .02040000000000000000 .00040000000000000000 0.0    -0.000128
801 CE .02040000000000000000 .00120000000000000000 0.0    -0.000128
802 CE .02040000000000000000 .00200000000000000000 0.0    -0.000128
803 CE .02040000000000000000 .00280000000000000000 0.0    -0.000128
804 CE .02040000000000000000 .00360000000000000000 0.0    -0.000128
805 CE .02040000000000000000 .00440000000000000000 0.0    -0.000128
806 CE .02040000000000000000 .00520000000000000000 0.0    -0.000128
807 CE .02040000000000000000 .00600000000000000000 0.0    -0.000128
808 CE .02040000000000000000 .00680000000000000000 0.0    -0.000128
809 CE .02040000000000000000 .00760000000000000000 0.0    -0.000128
810 CE .02040000000000000000 .00840000000000000000 0.0    -0.000128
811 CE .02040000000000000000 .00920000000000000000 0.0    -0.000128
812 CE .02040000000000000000 .01000000000000000000 0.0    -0.000128
813 CE .02040000000000000000 .01080000000000000000 0.0    -0.000128
814 CE .02040000000000000000 .01160000000000000000 0.0    -0.000128
815 CE .02040000000000000000 .01240000000000000000 0.0    -0.000128
816 CE .02040000000000000000 .01320000000000000000 0.0    -0.000128
817 CE .02040000000000000000 .01400000000000000000 0.0    -0.000128
818 CE .02040000000000000000 .01480000000000000000 0.0    -0.000128
819 CE .02040000000000000000 .01560000000000000000 0.0    -0.000128
820 CE .02040000000000000000 .01640000000000000000 0.0    -0.000128
821 CE .02040000000000000000 .01720000000000000000 0.0    -0.000128
822 CE .02040000000000000000 .01800000000000000000 0.0    -0.000128
823 CE .02040000000000000000 .01880000000000000000 0.0    -0.000128
824 CE .02040000000000000000 .01960000000000000000 0.0    -0.000128
825 CE .02040000000000000000 .02040000000000000000 0.0    -0.000128
826 CE .02040000000000000000 .02120000000000000000 0.0    -0.000128
827 CE .02040000000000000000 .02200000000000000000 0.0    -0.000128
828 CE .02040000000000000000 .02280000000000000000 0.0    -0.000128
829 CE .02040000000000000000 .02360000000000000000 0.0    -0.000128
830 CE .02040000000000000000 .02440000000000000000 0.0    -0.000128
831 CE .02040000000000000000 .02520000000000000000 0.0    -0.000128
832 CE .02120000000000000000 .00040000000000000000 0.0    -0.000128
833 CE .02120000000000000000 .00120000000000000000 0.0    -0.000128
834 CE .02120000000000000000 .00200000000000000000 0.0    -0.000128
835 CE .02120000000000000000 .00280000000000000000 0.0    -0.000128
836 CE .02120000000000000000 .00360000000000000000 0.0    -0.000128
837 CE .02120000000000000000 .00440000000000000000 0.0    -0.000128
838 CE .02120000000000000000 .00520000000000000000 0.0    -0.000128
839 CE .02120000000000000000 .00600000000000000000 0.0    -0.000128
840 CE .02120000000000000000 .00680000000000000000 0.0    -0.000128
841 CE .02120000000000000000 .00760000000000000000 0.0    -0.000128
842 CE .02120000000000000000 .00840000000000000000 0.0    -0.000128
843 CE .02120000000000000000 .00920000000000000000 0.0    -0.000128
844 CE .02120000000000000000 .01000000000000000000 0.0    -0.000128
845 CE .02120000000000000000 .01080000000000000000 0.0    -0.000128
846 CE .02120000000000000000 .01160000000000000000 0.0    -0.000128
847 CE .02120000000000000000 .01240000000000000000 0.0    -0.000128
848 CE .02120000000000000000 .01320000000000000000 0.0    -0.000128
849 CE .02120000000000000000 .01400000000000000000 0.0    -0.000128
850 CE .02120000000000000000 .01480000000000000000 0.0    -0.000128
851 CE .02120000000000000000 .01560000000000000000 0.0    -0.000128
852 CE .02120000000000000000 .01640000000000000000 0.0    -0.000128
853 CE .02120000000000000000 .01720000000000000000 0.0    -0.000128
854 CE .02120000000000000000 .01800000000000000000 0.0    -0.000128
855 CE .02120000000000000000 .01880000000000000000 0.0    -0.000128
856 CE .02120000000000000000 .01960000000000000000 0.0    -0.000128
857 CE .02120000000000000000 .02040000000000000000 0.0    -0.000128
858 CE .02120000000000000000 .02120000000000000000 0.0    -0.000128
859 CE .02120000000000000000 .02200000000000000000 0.0    -0.000128
860 CE .02120000000000000000 .02280000000000000000 0.0    -0.000128
861 CE .02120000000000000000 .02360000000000000000 0.0    -0.000128
862 CE .02120000000000000000 .02440000000000000000 0.0    -0.000128
863 CE .02120000000000000000 .02520000000000000000 0.0    -0.000128
864 CE .02200000000000000000 .00040000000000000000 0.0    -0.000128
865 CE .02200000000000000000 .00120000000000000000 0.0    -0.000128
866 CE .02200000000000000000 .00200000000000000000 0.0    -0.000128
867 CE .02200000000000000000 .00280000000000000000 0.0    -0.000128
868 CE .02200000000000000000 .00360000000000000000 0.0    -0.000128
869 CE .02200000000000000000 .00440000000000000000 0.0    -0.000128
870 CE .02200000000000000000 .00520000000000000000 0.0    -0.000128
871 CE .02200000000000000000 .00600000000000000000 0.0    -0.000128
872 CE .02200000000000000000 .00680000000000000000 0.0    -0.000128
873 CE .02200000000000000000 .00760000000000000000 0.0    -0.000128
874 CE .02200000000000000000 .00840000000000000000 0.0    -0.000128
875 CE .02200000000000000000 .00920000000000000000 0.0    -0.000128
876 CE .02200000000000000000 .01000000000000000000 0.0    -0.000128
877 CE .02200000000000000000 .01080000000000000000 0.0    -0.000128
878 CE .02200000000000000000 .01160000000000000000 0.0    -0.000128
879 CE .02200000000000000000 .01240000000000000000 0.0    -0.000128
880 CE .02200000000000000000 .01320000000000000000 0.0    -0.000128
881 CE .02200000000000000000 .01400000000000000000 0.0    -0.000128
882 CE .02200000000000000000 .01480000000000000000 0.0    -0.000128
883 CE .02200000000000000000 .01560000000000000000 0.0    -0.000128
884 CE .02200000000000000000 .01640000000000000000 0.0    -0.000128
885 CE .02200000000000000000 .01720000000000000000 0.0    -0.000128
886 CE .02200000000000000000 .01800000000000000000 0.0    -0.000128
887 CE .02200000000000000000 .01880000000000000000 0.0    -0.000128
888 CE .02200000000000000000 .01960000000000000000 0.0    -0.000128
889 CE .02200000000000000000 .02040000000000000000 0.0    -0.000128
890 CE .02200000000000000000 .02120000000000000000 0.0    -0.000128
891 CE .02200000000000000000 .02200000000000000000 0.0    -0.000128
892 CE .02200000000000000000 .02280000000000000000 0.0    -0.000128
893 CE .02200000000000000000 .02360000000000000000 0.0    -0.000128
894 CE .02200000000000000000 .02440000000000000000 0.0    -0.000128
895 CE .02200000000000000000 .02520000000000000000 0.0    -0.000128
896 CE .02280000000000000000 .00040000000000000000 0.0    -0.000128
897 CE .02280000000000000000 .00120000000000000000 0.0    -0.000128
898 CE .02280000000000000000 .00200000000000000000 0.0    -0.000128
899 CE .02280000000000000000 .00280000000000000000 0.0    -0.000128
900 CE .02280000000000000000 .00360000000000000000 0.0    -0.000128
901 CE .02280000000000000000 .00440000000000000000 0.0    -0.000128
902 CE .02280000000000000000 .00520000000000000000 0.0    -0.000128
903 CE .02280000000000000000 .00600000000000000000 0.0    -0.000128
904 CE .02280000000000000000 .00680000000000000000 0.0    -0.000128
905 CE .02280000000000000000 .00760000000000000000 0.0    -0.000128
906 CE .02280000000000000000 .00840000000000000000 0.0    -0.000128
907 CE .02280000000000000000 .00920000000000000000 0.0    -0.000128
908 CE .02280000000000000000 .01000000000000000000 0.0    -0.000128
909 CE .02280000000000000000 .01080000000000000000 0.0    -0.000128
910 CE .02280000000000000000 .01160000000000000000 0.0    -0.000128
911 CE .02280000000000000000 .01240000000000000000 0.0    -0.000128
912 CE .02280000000000000000 .01320000000000000000 0.0    -0.000128
913 CE .02280000000000000000 .01400000000000000000 0.0    -0.000128
914 CE .02280000000000000000 .01480000000000000000 0.0    -0.000128
915 CE .02280000000000000000 .01560000000000000000 0.0    -0.000128
916 CE .02280000000000000000 .01640000000000000000 0.0    -0.000128
917 CE .02280000000000000000 .01720000000000000000 0.0    -0.000128
918 CE .02280000000000000000 .01800000000000000000 0.0    -0.000128
919 CE .02280000000000000000 .01880000000000000000 0.0    -0.000128
920 CE .02280000000000000000 .01960000000000000000 0.0    -0.000128
921 CE .02280000000000000000 .02040000000000000000 0.0    -0.000128
922 CE .02280000000000000000 .02120000000000000000 0.0    -0.000128
923 CE .02280000000000000000 .02200000000000000000 0.0    -0.000128
924 CE .02280000000000000000 .02280000000000000000 0.0    -0.000128
925 CE .02280000000000000000 .02360000000000000000 0.0    -0.000128
926 CE .02280000000000000000 .02440000000000000000 0.0    -0.000128
927 CE .02280000000000000000 .02520000000000000000 0.0    -0.000128
928 CE .02360000000000000000 .00040000000000000000 0.0    -0.000128
929 CE .02360000000000000000 .00120000000000000000 0.0    -0.000128
930 CE .02360000000000000000 .00200000000000000000 0.0    -0.000128
931 CE .02360000000000000000 .00280000000000000000 0.0    -0.000128
932 CE .02360000000000000000 .00360000000000000000 0.0    -0.000128
933 CE .02360000000000000000 .00440000000000000000 0.0    -0.000128
934 CE .02360000000000000000 .00520000000000000000 0.0    -0.000128
935 CE .02360000000000000000 .00600000000000000000 0.0    -0.000128
936 CE .02360000000000000000 .00680000000000000000 0.0    -0.000128
937 CE .02360000000000000000 .00760000000000000000 0.0    -0.000128
938 CE .02360000000000000000 .00840000000000000000 0.0    -0.000128
939 CE .02360000000000000000 .00920000000000000000 0.0    -0.000128
940 CE .02360000000000000000 .01000000000000000000 0.0    -0.000128
941 CE .02360000000000000000 .01080000000000000000 0.0    -0.000128
942 CE .02360000000000000000 .01160000000000000000 0.0    -0.000128
943 CE .02360000000000000000 .01240000000000000000 0.0    -0.000128
944 CE .02360000000000000000 .01320000000000000000 0.0    -0.000128
945 CE .02360000000000000000 .01400000000000000000 0.0    -0.000128
946 CE .02360000000000000000 .01480000000000000000 0.0    -0.000128
947 CE .02360000000000000000 .01560000000000000000 0.0    -0.000128
948 CE .02360000000000000000 .01640000000000000000 0.0    -0.000128
949 CE .02360000000000000000 .01720000000000000000 0.0    -0.000128
950 CE .02360000000000000000 .01800000000000000000 0.0    -0.000128
951 CE .02360000000000000000 .01880000000000000000 0.0    -0.000128
952 CE .02360000000000000000 .01960000000000000000 0.0    -0.000128
953 CE .02360000000000000000 .02040000000000000000 0.0    -0.000128
954 CE .02360000000000000000 .02120000000000000000 0.0    -0.000128
955 CE .02360000000000000000 .02200000000000000000 0.0    -0.000128
956 CE .02360000000000000000 .02280000000000000000 0.0    -0.000128
957 CE .02360000000000000000 .02360000000000000000 0.0    -0.000128
958 CE .02360000000000000000 .02440000000000000000 0.0    -0.000128
959 CE .02360000000000000000 .02520000000000000000 0.0    -0.000128
960 CE .02440000000000000000 .00040000000000000000 0.0    -0.000128
961 CE .02440000000000000000 .00120000000000000000 0.0    -0.000128
962 CE .02440000000000000000 .00200000000000000000 0.0    -0.000128
963 CE .02440000000000000000 .00280000000000000000 0.0    -0.000128
964 CE .02440000000000000000 .00360000000000000000 0.0    -0.000128
965 CE .02440000000000000000 .00440000000000000000 0.0    -0.000128
966 CE .02440000000000000000 .00520000000000000000 0.0    -0.000128
967 CE .02440000000000000000 .00600000000000000000 0.0    -0.000128
968 CE .02440000000000000000 .00680000000000000000 0.0    -0.000128
969 CE .02440000000000000000 .00760000000000000000 0.0    -0.000128
970 CE .02440000000000000000 .00840000000000000000 0.0    -0.000128
971 CE .02440000000000000000 .00920000000000000000 0.0    -0.000128
972 CE .02440000000000000000 .01000000000000000000 0.0    -0.000128
973 CE .02440000000000000000 .01080000000000000000 0.0    -0.000128
974 CE .02440000000000000000 .01160000000000000000 0.0    -0.000128
975 CE .02440000000000000000 .01240000000000000000 0.0    -0.000128
976 CE .02440000000000000000 .01320000000000000000 0.0    -0.000128
977 CE .02440000000000000000 .01400000000000000000 0.0    -0.000128
978 CE .02440000000000000000 .01480000000000000000 0.0    -0.000128
979 CE .02440000000000000000 .01560000000000000000 0.0    -0.000128
980 CE .02440000000000000000 .01640000000000000000 0.0    -0.000128
981 CE .02440000000000000000 .01720000000000000000 0.0    -0.000128
982 CE .02440000000000000000 .01800000000000000000 0.0    -0.000128
983 CE .02440000000000000000 .01880000000000000000 0.0    -0.000128
984 CE .02440000000000000000 .01960000000000000000 0.0    -0.000128
985 CE .02440000000000000000 .02040000000000000000 0.0    -0.000128
986 CE .02440000000000000000 .02120000000000000000 0.0    -0.000128
987 CE .02440000000000000000 .02200000000000000000 0.0    -0.000128
988 CE .02440000000000000000 .02280000000000000000 0.0    -0.000128
989 CE .02440000000000000000 .02360000000000000000 0.0    -0.000128
990 CE .02440000000000000000 .02440000000000000000 0.0    -0.000128
991 CE .02440000000000000000 .02520000000000000000 0.0    -0.000128
992 CE .02520000000000000000 .00040000000000000000 0.0    -0.000128
993 CE .02520000000000000000 .00120000000000000000 0.0    -0.000128
994 CE .02520000000000000000 .00200000000000000000 0.0    -0.000128
995 CE .02520000000000000000 .00280000000000000000 0.0    -0.000128
996 CE .02520000000000000000 .00360000000000000000 0.0    -0.000128
997 CE .02520000000000000000 .00440000000000000000 0.0    -0.000128
998 CE .02520000000000000000 .00520000000000000000 0.0    -0.000128
999 CE .02520000000000000000 .00600000000000000000 0.0    -0.000128
1000 CE .02520000000000000000 .00680000000000000000 0.0    -0.000128
1001 CE .02520000000000000000 .00760000000000000000 0.0    -0.000128
1002 CE .02520000000000000000 .00840000000000000000 0.0    -0.000128
1003 CE .02520000000000000000 .00920000000000000000 0.0    -0.000128
1004 CE .02520000000000000000 .01000000000000000000 0.0    -0.000128
1005 CE .02520000000000000000 .01080000000000000000 0.0    -0.000128
1006 CE .02520000000000000000 .01160000000000000000 0.0    -0.000128
1007 CE .02520000000000000000 .01240000000000000000 0.0    -0.000128
1008 CE .02520000000000000000 .01320000000000000000 0.0    -0.000128
1009 CE .02520000000000000000 .01400000000000000000 0.0    -0.000128
1010 CE .02520000000000000000 .01480000000000000000 0.0    -0.000128
1011 CE .02520000000000000000 .01560000000000000000 0.0    -0.000128
1012 CE .02520000000000000000 .01640000000000000000 0.0    -0.000128
1013 CE .02520000000000000000 .01720000000000000000 0.0    -0.000128
1014 CE .02520000000000000000 .01800000000000000000 0.0    -0.000128
1015 CE .02520000000000000000 .01880000000000000000 0.0    -0.000128
1016 CE .02520000000000000000 .01960000000000000000 0.0    -0.000128
1017 CE .02520000000000000000 .02040000000000000000 0.0    -0.000128
1018 CE .02520000000000000000 .02120000000000000000 0.0    -0.000128
1019 CE .02520000000000000000 .02200000000000000000 0.0    -0.000128
1020 CE .02520000000000000000 .02280000000000000000 0.0    -0.000128
1021 CE .02520000000000000000 .02360000000000000000 0.0    -0.000128
1022 CE .02520000000000000000 .02440000000000000000 0.0    -0.000128
1023 CE .02520000000000000000 .02520000000000000000 0.0    -0.000128
