         0         CE      0.400000E-03      0.400000E-03      0.000000E+00     -0.128000E-03
         1         CE      0.400000E-03      0.120000E-02      0.000000E+00     -0.128000E-03
         2         CE      0.400000E-03      0.200000E-02      0.000000E+00     -0.128000E-03
         3         CE      0.400000E-03      0.280000E-02      0.000000E+00     -0.128000E-03
         4         CE      0.400000E-03      0.360000E-02      0.000000E+00     -0.128000E-03
         5         CE      0.400000E-03      0.440000E-02      0.000000E+00     -0.128000E-03
         6         CE      0.400000E-03      0.520000E-02      0.000000E+00     -0.128000E-03
         7         CE      0.400000E-03      0.600000E-02      0.000000E+00     -0.128000E-03
         8         CE      0.400000E-03      0.680000E-02      0.000000E+00     -0.128000E-03
         9         CE      0.400000E-03      0.760000E-02      0.000000E+00     -0.128000E-03
        10         CE      0.400000E-03      0.840000E-02      0.000000E+00     -0.128000E-03
        11         CE      0.400000E-03      0.920000E-02      0.000000E+00     -0.128000E-03
        12         CE      0.400000E-03      0.100000E-01      0.000000E+00     -0.128000E-03
        13         CE      0.400000E-03      0.108000E-01      0.000000E+00     -0.128000E-03
        14         CE      0.400000E-03      0.116000E-01      0.000000E+00     -0.128000E-03
        15         CE      0.400000E-03      0.124000E-01      0.000000E+00     -0.128000E-03
        16         CE      0.400000E-03      0.132000E-01      0.000000E+00     -0.128000E-03
        17         CE      0.400000E-03      0.140000E-01      0.000000E+00     -0.128000E-03
        18         CE      0.400000E-03      0.148000E-01      0.000000E+00     -0.128000E-03
        19         CE      0.400000E-03      0.156000E-01      0.000000E+00     -0.128000E-03
        20         CE      0.400000E-03      0.164000E-01      0.000000E+00     -0.128000E-03
        21         CE      0.400000E-03      0.172000E-01      0.000000E+00     -0.128000E-03
        22         CE      0.400000E-03      0.180000E-01      0.000000E+00     -0.128000E-03
        23         CE      0.400000E-03      0.188000E-01      0.000000E+00     -0.128000E-03
        24         CE      0.400000E-03      0.196000E-01      0.000000E+00     -0.128000E-03
        25         CE      0.400000E-03      0.204000E-01      0.000000E+00     -0.128000E-03
        26         CE      0.400000E-03      0.212000E-01      0.000000E+00     -0.128000E-03
        27         CE      0.400000E-03      0.220000E-01      0.000000E+00     -0.128000E-03
        28         CE      0.400000E-03      0.228000E-01      0.000000E+00     -0.128000E-03
        29         CE      0.400000E-03      0.236000E-01      0.000000E+00     -0.128000E-03
        30         CE      0.400000E-03      0.244000E-01      0.000000E+00     -0.128000E-03
        31         CE      0.400000E-03      0.252000E-01      0.000000E+00     -0.128000E-03
        32         CE      0.120000E-02      0.400000E-03      0.000000E+00     -0.128000E-03
        33         CE      0.120000E-02      0.120000E-02      0.000000E+00     -0.128000E-03
        34         CE      0.120000E-02      0.200000E-02      0.000000E+00     -0.128000E-03
        35         CE      0.120000E-02      0.280000E-02      0.000000E+00     -0.128000E-03
        36         CE      0.120000E-02      0.360000E-02      0.000000E+00     -0.128000E-03
        37         CE      0.120000E-02      0.440000E-02      0.000000E+00     -0.128000E-03
        38         CE      0.120000E-02      0.520000E-02      0.000000E+00     -0.128000E-03
        39         CE      0.120000E-02      0.600000E-02      0.000000E+00     -0.128000E-03
        40         CE      0.120000E-02      0.680000E-02      0.000000E+00     -0.128000E-03
        41         CE      0.120000E-02      0.760000E-02      0.000000E+00     -0.128000E-03
        42         CE      0.120000E-02      0.840000E-02      0.000000E+00     -0.128000E-03
        43         CE      0.120000E-02      0.920000E-02      0.000000E+00     -0.128000E-03
        44         CE      0.120000E-02      0.100000E-01      0.000000E+00     -0.128000E-03
        45         CE      0.120000E-02      0.108000E-01      0.000000E+00     -0.128000E-03
        46         CE      0.120000E-02      0.116000E-01      0.000000E+00     -0.128000E-03
        47         CE      0.120000E-02      0.124000E-01      0.000000E+00     -0.128000E-03
        48         CE      0.120000E-02      0.132000E-01      0.000000E+00     -0.128000E-03
        49         CE      0.120000E-02      0.140000E-01      0.000000E+00     -0.128000E-03
        50         CE      0.120000E-02      0.148000E-01      0.000000E+00     -0.128000E-03
        51         CE      0.120000E-02      0.156000E-01      0.000000E+00     -0.128000E-03
        52         CE      0.120000E-02      0.164000E-01      0.000000E+00     -0.128000E-03
        53         CE      0.120000E-02      0.172000E-01      0.000000E+00     -0.128000E-03
        54         CE      0.120000E-02      0.180000E-01      0.000000E+00     -0.128000E-03
        55         CE      0.120000E-02      0.188000E-01      0.000000E+00     -0.128000E-03
        56         CE      0.120000E-02      0.196000E-01      0.000000E+00     -0.128000E-03
        57         CE      0.120000E-02      0.204000E-01      0.000000E+00     -0.128000E-03
        58         CE      0.120000E-02      0.212000E-01      0.000000E+00     -0.128000E-03
        59         CE      0.120000E-02      0.220000E-01      0.000000E+00     -0.128000E-03
        60         CE      0.120000E-02      0.228000E-01      0.000000E+00     -0.128000E-03
        61         CE      0.120000E-02      0.236000E-01      0.000000E+00     -0.128000E-03
        62         CE      0.120000E-02      0.244000E-01      0.000000E+00     -0.128000E-03
        63         CE      0.120000E-02      0.252000E-01      0.000000E+00     -0.128000E-03
        64         CE      0.200000E-02      0.400000E-03      0.000000E+00     -0.128000E-03
        65         CE      0.200000E-02      0.120000E-02      0.000000E+00     -0.128000E-03
        66         CE      0.200000E-02      0.200000E-02      0.000000E+00     -0.128000E-03
        67         CE      0.200000E-02      0.280000E-02      0.000000E+00     -0.128000E-03
        68         CE      0.200000E-02      0.360000E-02      0.000000E+00     -0.128000E-03
        69         CE      0.200000E-02      0.440000E-02      0.000000E+00     -0.128000E-03
        70         CE      0.200000E-02      0.520000E-02      0.000000E+00     -0.128000E-03
        71         CE      0.200000E-02      0.600000E-02      0.000000E+00     -0.128000E-03
        72         CE      0.200000E-02      0.680000E-02      0.000000E+00     -0.128000E-03
        73         CE      0.200000E-02      0.760000E-02      0.000000E+00     -0.128000E-03
        74         CE      0.200000E-02      0.840000E-02      0.000000E+00     -0.128000E-03
        75         CE      0.200000E-02      0.920000E-02      0.000000E+00     -0.128000E-03
        76         CE      0.200000E-02      0.100000E-01      0.000000E+00     -0.128000E-03
        77         CE      0.200000E-02      0.108000E-01      0.000000E+00     -0.128000E-03
        78         CE      0.200000E-02      0.116000E-01      0.000000E+00     -0.128000E-03
        79         CE      0.200000E-02      0.124000E-01      0.000000E+00     -0.128000E-03
        80         CE      0.200000E-02      0.132000E-01      0.000000E+00     -0.128000E-03
        81         CE      0.200000E-02      0.140000E-01      0.000000E+00     -0.128000E-03
        82         CE      0.200000E-02      0.148000E-01      0.000000E+00     -0.128000E-03
        83         CE      0.200000E-02      0.156000E-01      0.000000E+00     -0.128000E-03
        84         CE      0.200000E-02      0.164000E-01      0.000000E+00     -0.128000E-03
        85         CE      0.200000E-02      0.172000E-01      0.000000E+00     -0.128000E-03
        86         CE      0.200000E-02      0.180000E-01      0.000000E+00     -0.128000E-03
        87         CE      0.200000E-02      0.188000E-01      0.000000E+00     -0.128000E-03
        88         CE      0.200000E-02      0.196000E-01      0.000000E+00     -0.128000E-03
        89         CE      0.200000E-02      0.204000E-01      0.000000E+00     -0.128000E-03
        90         CE      0.200000E-02      0.212000E-01      0.000000E+00     -0.128000E-03
        91         CE      0.200000E-02      0.220000E-01      0.000000E+00     -0.128000E-03
        92         CE      0.200000E-02      0.228000E-01      0.000000E+00     -0.128000E-03
        93         CE      0.200000E-02      0.236000E-01      0.000000E+00     -0.128000E-03
        94         CE      0.200000E-02      0.244000E-01      0.000000E+00     -0.128000E-03
        95         CE      0.200000E-02      0.252000E-01      0.000000E+00     -0.128000E-03
        96         CE      0.280000E-02      0.400000E-03      0.000000E+00     -0.128000E-03
        97         CE      0.280000E-02      0.120000E-02      0.000000E+00     -0.128000E-03
        98         CE      0.280000E-02      0.200000E-02      0.000000E+00     -0.128000E-03
        99         CE      0.280000E-02      0.280000E-02      0.000000E+00     -0.128000E-03
       100         CE      0.280000E-02      0.360000E-02      0.000000E+00     -0.128000E-03
       101         CE      0.280000E-02      0.440000E-02      0.000000E+00     -0.128000E-03
       102         CE      0.280000E-02      0.520000E-02      0.000000E+00     -0.128000E-03
       103         CE      0.280000E-02      0.600000E-02      0.000000E+00     -0.128000E-03
       104         CE      0.280000E-02      0.680000E-02      0.000000E+00     -0.128000E-03
       105         CE      0.280000E-02      0.760000E-02      0.000000E+00     -0.128000E-03
       106         CE      0.280000E-02      0.840000E-02      0.000000E+00     -0.128000E-03
       107         CE      0.280000E-02      0.920000E-02      0.000000E+00     -0.128000E-03
       108         CE      0.280000E-02      0.100000E-01      0.000000E+00     -0.128000E-03
       109         CE      0.280000E-02      0.108000E-01      0.000000E+00     -0.128000E-03
       110         CE      0.280000E-02      0.116000E-01      0.000000E+00     -0.128000E-03
       111         CE      0.280000E-02      0.124000E-01      0.000000E+00     -0.128000E-03
       112         CE      0.280000E-02      0.132000E-01      0.000000E+00     -0.128000E-03
       113         CE      0.280000E-02      0.140000E-01      0.000000E+00     -0.128000E-03
       114         CE      0.280000E-02      0.148000E-01      0.000000E+00     -0.128000E-03
       115         CE      0.280000E-02      0.156000E-01      0.000000E+00     -0.128000E-03
       116         CE      0.280000E-02      0.164000E-01      0.000000E+00     -0.128000E-03
       117         CE      0.280000E-02      0.172000E-01      0.000000E+00     -0.128000E-03
       118         CE      0.280000E-02      0.180000E-01      0.000000E+00     -0.128000E-03
       119         CE      0.280000E-02      0.188000E-01      0.000000E+00     -0.128000E-03
       120         CE      0.280000E-02      0.196000E-01      0.000000E+00     -0.128000E-03
       121         CE      0.280000E-02      0.204000E-01      0.000000E+00     -0.128000E-03
       122         CE      0.280000E-02      0.212000E-01      0.000000E+00     -0.128000E-03
       123         CE      0.280000E-02      0.220000E-01      0.000000E+00     -0.128000E-03
       124         CE      0.280000E-02      0.228000E-01      0.000000E+00     -0.128000E-03
       125         CE      0.280000E-02      0.236000E-01      0.000000E+00     -0.128000E-03
       126         CE      0.280000E-02      0.244000E-01      0.000000E+00     -0.128000E-03
       127         CE      0.280000E-02      0.252000E-01      0.000000E+00     -0.128000E-03
       128         CE      0.360000E-02      0.400000E-03      0.000000E+00     -0.128000E-03
       129         CE      0.360000E-02      0.120000E-02      0.000000E+00     -0.128000E-03
       130         CE      0.360000E-02      0.200000E-02      0.000000E+00     -0.128000E-03
       131         CE      0.360000E-02      0.280000E-02      0.000000E+00     -0.128000E-03
       132         CE      0.360000E-02      0.360000E-02      0.000000E+00     -0.128000E-03
       133         CE      0.360000E-02      0.440000E-02      0.000000E+00     -0.128000E-03
       134         CE      0.360000E-02      0.520000E-02      0.000000E+00     -0.128000E-03
       135         CE      0.360000E-02      0.600000E-02      0.000000E+00     -0.128000E-03
       136         CE      0.360000E-02      0.680000E-02      0.000000E+00     -0.128000E-03
       137         CE      0.360000E-02      0.760000E-02      0.000000E+00     -0.128000E-03
       138         CE      0.360000E-02      0.840000E-02      0.000000E+00     -0.128000E-03
       139         CE      0.360000E-02      0.920000E-02      0.000000E+00     -0.128000E-03
       140         CE      0.360000E-02      0.100000E-01      0.000000E+00     -0.128000E-03
       141         CE      0.360000E-02      0.108000E-01      0.000000E+00     -0.128000E-03
       142         CE      0.360000E-02      0.116000E-01      0.000000E+00     -0.128000E-03
       143         CE      0.360000E-02      0.124000E-01      0.000000E+00     -0.128000E-03
       144         CE      0.360000E-02      0.132000E-01      0.000000E+00     -0.128000E-03
       145         CE      0.360000E-02      0.140000E-01      0.000000E+00     -0.128000E-03
       146         CE      0.360000E-02      0.148000E-01      0.000000E+00     -0.128000E-03
       147         CE      0.360000E-02      0.156000E-01      0.000000E+00     -0.128000E-03
       148         CE      0.360000E-02      0.164000E-01      0.000000E+00     -0.128000E-03
       149         CE      0.360000E-02      0.172000E-01      0.000000E+00     -0.128000E-03
       150         CE      0.360000E-02      0.180000E-01      0.000000E+00     -0.128000E-03
       151         CE      0.360000E-02      0.188000E-01      0.000000E+00     -0.128000E-03
       152         CE      0.360000E-02      0.196000E-01      0.000000E+00     -0.128000E-03
       153         CE      0.360000E-02      0.204000E-01      0.000000E+00     -0.128000E-03
       154         CE      0.360000E-02      0.212000E-01      0.000000E+00     -0.128000E-03
       155         CE      0.360000E-02      0.220000E-01      0.000000E+00     -0.128000E-03
       156         CE      0.360000E-02      0.228000E-01      0.000000E+00     -0.128000E-03
       157         CE      0.360000E-02      0.236000E-01      0.000000E+00     -0.128000E-03
       158         CE      0.360000E-02      0.244000E-01      0.000000E+00     -0.128000E-03
       159         CE      0.360000E-02      0.252000E-01      0.000000E+00     -0.128000E-03
       160         CE      0.440000E-02      0.400000E-03      0.000000E+00     -0.128000E-03
       161         CE      0.440000E-02      0.120000E-02      0.000000E+00     -0.128000E-03
       162         CE      0.440000E-02      0.200000E-02      0.000000E+00     -0.128000E-03
       163         CE      0.440000E-02      0.280000E-02      0.000000E+00     -0.128000E-03
       164         CE      0.440000E-02      0.360000E-02      0.000000E+00     -0.128000E-03
       165         CE      0.440000E-02      0.440000E-02      0.000000E+00     -0.128000E-03
       166         CE      0.440000E-02      0.520000E-02      0.000000E+00     -0.128000E-03
       167         CE      0.440000E-02      0.600000E-02      0.000000E+00     -0.128000E-03
       168         CE      0.440000E-02      0.680000E-02      0.000000E+00     -0.128000E-03
       169         CE      0.440000E-02      0.760000E-02      0.000000E+00     -0.128000E-03
       170         CE      0.440000E-02      0.840000E-02      0.000000E+00     -0.128000E-03
       171         CE      0.440000E-02      0.920000E-02      0.000000E+00     -0.128000E-03
       172         CE      0.440000E-02      0.100000E-01      0.000000E+00     -0.128000E-03
       173         CE      0.440000E-02      0.108000E-01      0.000000E+00     -0.128000E-03
       174         CE      0.440000E-02      0.116000E-01      0.000000E+00     -0.128000E-03
       175         CE      0.440000E-02      0.124000E-01      0.000000E+00     -0.128000E-03
       176         CE      0.440000E-02      0.132000E-01      0.000000E+00     -0.128000E-03
       177         CE      0.440000E-02      0.140000E-01      0.000000E+00     -0.128000E-03
       178         CE      0.440000E-02      0.148000E-01      0.000000E+00     -0.128000E-03
       179         CE      0.440000E-02      0.156000E-01      0.000000E+00     -0.128000E-03
       180         CE      0.440000E-02      0.164000E-01      0.000000E+00     -0.128000E-03
       181         CE      0.440000E-02      0.172000E-01      0.000000E+00     -0.128000E-03
       182         CE      0.440000E-02      0.180000E-01      0.000000E+00     -0.128000E-03
       183         CE      0.440000E-02      0.188000E-01      0.000000E+00     -0.128000E-03
       184         CE      0.440000E-02      0.196000E-01      0.000000E+00     -0.128000E-03
       185         CE      0.440000E-02      0.204000E-01      0.000000E+00     -0.128000E-03
       186         CE      0.440000E-02      0.212000E-01      0.000000E+00     -0.128000E-03
       187         CE      0.440000E-02      0.220000E-01      0.000000E+00     -0.128000E-03
       188         CE      0.440000E-02      0.228000E-01      0.000000E+00     -0.128000E-03
       189         CE      0.440000E-02      0.236000E-01      0.000000E+00     -0.128000E-03
       190         CE      0.440000E-02      0.244000E-01      0.000000E+00     -0.128000E-03
       191         CE      0.440000E-02      0.252000E-01      0.000000E+00     -0.128000E-03
       192         CE      0.520000E-02      0.400000E-03      0.000000E+00     -0.128000E-03
       193         CE      0.520000E-02      0.120000E-02      0.000000E+00     -0.128000E-03
       194         CE      0.520000E-02      0.200000E-02      0.000000E+00     -0.128000E-03
       195         CE      0.520000E-02      0.280000E-02      0.000000E+00     -0.128000E-03
       196         CE      0.520000E-02      0.360000E-02      0.000000E+00     -0.128000E-03
       197         CE      0.520000E-02      0.440000E-02      0.000000E+00     -0.128000E-03
       198         CE      0.520000E-02      0.520000E-02      0.000000E+00     -0.128000E-03
       199         CE      0.520000E-02      0.600000E-02      0.000000E+00     -0.128000E-03
       200         CE      0.520000E-02      0.680000E-02      0.000000E+00     -0.128000E-03
       201         CE      0.520000E-02      0.760000E-02      0.000000E+00     -0.128000E-03
       202         CE      0.520000E-02      0.840000E-02      0.000000E+00     -0.128000E-03
       203         CE      0.520000E-02      0.920000E-02      0.000000E+00     -0.128000E-03
       204         CE      0.520000E-02      0.100000E-01      0.000000E+00     -0.128000E-03
       205         CE      0.520000E-02      0.108000E-01      0.000000E+00     -0.128000E-03
       206         CE      0.520000E-02      0.116000E-01      0.000000E+00     -0.128000E-03
       207         CE      0.520000E-02      0.124000E-01      0.000000E+00     -0.128000E-03
       208         CE      0.520000E-02      0.132000E-01      0.000000E+00     -0.128000E-03
       209         CE      0.520000E-02      0.140000E-01      0.000000E+00     -0.128000E-03
       210         CE      0.520000E-02      0.148000E-01      0.000000E+00     -0.128000E-03
       211         CE      0.520000E-02      0.156000E-01      0.000000E+00     -0.128000E-03
       212         CE      0.520000E-02      0.164000E-01      0.000000E+00     -0.128000E-03
       213         CE      0.520000E-02      0.172000E-01      0.000000E+00     -0.128000E-03
       214         CE      0.520000E-02      0.180000E-01      0.000000E+00     -0.128000E-03
       215         CE      0.520000E-02      0.188000E-01      0.000000E+00     -0.128000E-03
       216         CE      0.520000E-02      0.196000E-01      0.000000E+00     -0.128000E-03
       217         CE      0.520000E-02      0.204000E-01      0.000000E+00     -0.128000E-03
       218         CE      0.520000E-02      0.212000E-01      0.000000E+00     -0.128000E-03
       219         CE      0.520000E-02      0.220000E-01      0.000000E+00     -0.128000E-03
       220         CE      0.520000E-02      0.228000E-01      0.000000E+00     -0.128000E-03
       221         CE      0.520000E-02      0.236000E-01      0.000000E+00     -0.128000E-03
       222         CE      0.520000E-02      0.244000E-01      0.000000E+00     -0.128000E-03
       223         CE      0.520000E-02      0.252000E-01      0.000000E+00     -0.128000E-03
       224         CE      0.600000E-02      0.400000E-03      0.000000E+00     -0.128000E-03
       225         CE      0.600000E-02      0.120000E-02      0.000000E+00     -0.128000E-03
       226         CE      0.600000E-02      0.200000E-02      0.000000E+00     -0.128000E-03
       227         CE      0.600000E-02      0.280000E-02      0.000000E+00     -0.128000E-03
       228         CE      0.600000E-02      0.360000E-02      0.000000E+00     -0.128000E-03
       229         CE      0.600000E-02      0.440000E-02      0.000000E+00     -0.128000E-03
       230         CE      0.600000E-02      0.520000E-02      0.000000E+00     -0.128000E-03
       231         CE      0.600000E-02      0.600000E-02      0.000000E+00     -0.128000E-03
       232         CE      0.600000E-02      0.680000E-02      0.000000E+00     -0.128000E-03
       233         CE      0.600000E-02      0.760000E-02      0.000000E+00     -0.128000E-03
       234         CE      0.600000E-02      0.840000E-02      0.000000E+00     -0.128000E-03
       235         CE      0.600000E-02      0.920000E-02      0.000000E+00     -0.128000E-03
       236         CE      0.600000E-02      0.100000E-01      0.000000E+00     -0.128000E-03
       237         CE      0.600000E-02      0.108000E-01      0.000000E+00     -0.128000E-03
       238         CE      0.600000E-02      0.116000E-01      0.000000E+00     -0.128000E-03
       239         CE      0.600000E-02      0.124000E-01      0.000000E+00     -0.128000E-03
       240         CE      0.600000E-02      0.132000E-01      0.000000E+00     -0.128000E-03
       241         CE      0.600000E-02      0.140000E-01      0.000000E+00     -0.128000E-03
       242         CE      0.600000E-02      0.148000E-01      0.000000E+00     -0.128000E-03
       243         CE      0.600000E-02      0.156000E-01      0.000000E+00     -0.128000E-03
       244         CE      0.600000E-02      0.164000E-01      0.000000E+00     -0.128000E-03
       245         CE      0.600000E-02      0.172000E-01      0.000000E+00     -0.128000E-03
       246         CE      0.600000E-02      0.180000E-01      0.000000E+00     -0.128000E-03
       247         CE      0.600000E-02      0.188000E-01      0.000000E+00     -0.128000E-03
       248         CE      0.600000E-02      0.196000E-01      0.000000E+00     -0.128000E-03
       249         CE      0.600000E-02      0.204000E-01      0.000000E+00     -0.128000E-03
       250         CE      0.600000E-02      0.212000E-01      0.000000E+00     -0.128000E-03
       251         CE      0.600000E-02      0.220000E-01      0.000000E+00     -0.128000E-03
       252         CE      0.600000E-02      0.228000E-01      0.000000E+00     -0.128000E-03
       253         CE      0.600000E-02      0.236000E-01      0.000000E+00     -0.128000E-03
       254         CE      0.600000E-02      0.244000E-01      0.000000E+00     -0.128000E-03
       255         CE      0.600000E-02      0.252000E-01      0.000000E+00     -0.128000E-03
       256         CE      0.680000E-02      0.400000E-03      0.000000E+00     -0.128000E-03
       257         CE      0.680000E-02      0.120000E-02      0.000000E+00     -0.128000E-03
       258         CE      0.680000E-02      0.200000E-02      0.000000E+00     -0.128000E-03
       259         CE      0.680000E-02      0.280000E-02      0.000000E+00     -0.128000E-03
       260         CE      0.680000E-02      0.360000E-02      0.000000E+00     -0.128000E-03
       261         CE      0.680000E-02      0.440000E-02      0.000000E+00     -0.128000E-03
       262         CE      0.680000E-02      0.520000E-02      0.000000E+00     -0.128000E-03
       263         CE      0.680000E-02      0.600000E-02      0.000000E+00     -0.128000E-03
       264         CE      0.680000E-02      0.680000E-02      0.000000E+00     -0.128000E-03
       265         CE      0.680000E-02      0.760000E-02      0.000000E+00     -0.128000E-03
       266         CE      0.680000E-02      0.840000E-02      0.000000E+00     -0.128000E-03
       267         CE      0.680000E-02      0.920000E-02      0.000000E+00     -0.128000E-03
       268         CE      0.680000E-02      0.100000E-01      0.000000E+00     -0.128000E-03
       269         CE      0.680000E-02      0.108000E-01      0.000000E+00     -0.128000E-03
       270         CE      0.680000E-02      0.116000E-01      0.000000E+00     -0.128000E-03
       271         CE      0.680000E-02      0.124000E-01      0.000000E+00     -0.128000E-03
       272         CE      0.680000E-02      0.132000E-01      0.000000E+00     -0.128000E-03
       273         CE      0.680000E-02      0.140000E-01      0.000000E+00     -0.128000E-03
       274         CE      0.680000E-02      0.148000E-01      0.000000E+00     -0.128000E-03
       275         CE      0.680000E-02      0.156000E-01      0.000000E+00     -0.128000E-03
       276         CE      0.680000E-02      0.164000E-01      0.000000E+00     -0.128000E-03
       277         CE      0.680000E-02      0.172000E-01      0.000000E+00     -0.128000E-03
       278         CE      0.680000E-02      0.180000E-01      0.000000E+00     -0.128000E-03
       279         CE      0.680000E-02      0.188000E-01      0.000000E+00     -0.128000E-03
       280         CE      0.680000E-02      0.196000E-01      0.000000E+00     -0.128000E-03
       281         CE      0.680000E-02      0.204000E-01      0.000000E+00     -0.128000E-03
       282         CE      0.680000E-02      0.212000E-01      0.000000E+00     -0.128000E-03
       283         CE      0.680000E-02      0.220000E-01      0.000000E+00     -0.128000E-03
       284         CE      0.680000E-02      0.228000E-01      0.000000E+00     -0.128000E-03
       285         CE      0.680000E-02      0.236000E-01      0.000000E+00     -0.128000E-03
       286         CE      0.680000E-02      0.244000E-01      0.000000E+00     -0.128000E-03
       287         CE      0.680000E-02      0.252000E-01      0.000000E+00     -0.128000E-03
       288         CE      0.760000E-02      0.400000E-03      0.000000E+00     -0.128000E-03
       289         CE      0.760000E-02      0.120000E-02      0.000000E+00     -0.128000E-03
       290         CE      0.760000E-02      0.200000E-02      0.000000E+00     -0.128000E-03
       291         CE      0.760000E-02      0.280000E-02      0.000000E+00     -0.128000E-03
       292         CE      0.760000E-02      0.360000E-02      0.000000E+00     -0.128000E-03
       293         CE      0.760000E-02      0.440000E-02      0.000000E+00     -0.128000E-03
       294         CE      0.760000E-02      0.520000E-02      0.000000E+00     -0.128000E-03
       295         CE      0.760000E-02      0.600000E-02      0.000000E+00     -0.128000E-03
       296         CE      0.760000E-02      0.680000E-02      0.000000E+00     -0.128000E-03
       297         CE      0.760000E-02      0.760000E-02      0.000000E+00     -0.128000E-03
       298         CE      0.760000E-02      0.840000E-02      0.000000E+00     -0.128000E-03
       299         CE      0.760000E-02      0.920000E-02      0.000000E+00     -0.128000E-03
       300         CE      0.760000E-02      0.100000E-01      0.000000E+00     -0.128000E-03
       301         CE      0.760000E-02      0.108000E-01      0.000000E+00     -0.128000E-03
       302         CE      0.760000E-02      0.116000E-01      0.000000E+00     -0.128000E-03
       303         CE      0.760000E-02      0.124000E-01      0.000000E+00     -0.128000E-03
       304         CE      0.760000E-02      0.132000E-01      0.000000E+00     -0.128000E-03
       305         CE      0.760000E-02      0.140000E-01      0.000000E+00     -0.128000E-03
       306         CE      0.760000E-02      0.148000E-01      0.000000E+00     -0.128000E-03
       307         CE      0.760000E-02      0.156000E-01      0.000000E+00     -0.128000E-03
       308         CE      0.760000E-02      0.164000E-01      0.000000E+00     -0.128000E-03
       309         CE      0.760000E-02      0.172000E-01      0.000000E+00     -0.128000E-03
       310         CE      0.760000E-02      0.180000E-01      0.000000E+00     -0.128000E-03
       311         CE      0.760000E-02      0.188000E-01      0.000000E+00     -0.128000E-03
       312         CE      0.760000E-02      0.196000E-01      0.000000E+00     -0.128000E-03
       313         CE      0.760000E-02      0.204000E-01      0.000000E+00     -0.128000E-03
       314         CE      0.760000E-02      0.212000E-01      0.000000E+00     -0.128000E-03
       315         CE      0.760000E-02      0.220000E-01      0.000000E+00     -0.128000E-03
       316         CE      0.760000E-02      0.228000E-01      0.000000E+00     -0.128000E-03
       317         CE      0.760000E-02      0.236000E-01      0.000000E+00     -0.128000E-03
       318         CE      0.760000E-02      0.244000E-01      0.000000E+00     -0.128000E-03
       319         CE      0.760000E-02      0.252000E-01      0.000000E+00     -0.128000E-03
       320         CE      0.840000E-02      0.400000E-03      0.000000E+00     -0.128000E-03
       321         CE      0.840000E-02      0.120000E-02      0.000000E+00     -0.128000E-03
       322         CE      0.840000E-02      0.200000E-02      0.000000E+00     -0.128000E-03
       323         CE      0.840000E-02      0.280000E-02      0.000000E+00     -0.128000E-03
       324         CE      0.840000E-02      0.360000E-02      0.000000E+00     -0.128000E-03
       325         CE      0.840000E-02      0.440000E-02      0.000000E+00     -0.128000E-03
       326         CE      0.840000E-02      0.520000E-02      0.000000E+00     -0.128000E-03
       327         CE      0.840000E-02      0.600000E-02      0.000000E+00     -0.128000E-03
       328         CE      0.840000E-02      0.680000E-02      0.000000E+00     -0.128000E-03
       329         CE      0.840000E-02      0.760000E-02      0.000000E+00     -0.128000E-03
       330         CE      0.840000E-02      0.840000E-02      0.000000E+00     -0.128000E-03
       331         CE      0.840000E-02      0.920000E-02      0.000000E+00     -0.128000E-03
       332         CE      0.840000E-02      0.100000E-01      0.000000E+00     -0.128000E-03
       333         CE      0.840000E-02      0.108000E-01      0.000000E+00     -0.128000E-03
       334         CE      0.840000E-02      0.116000E-01      0.000000E+00     -0.128000E-03
       335         CE      0.840000E-02      0.124000E-01      0.000000E+00     -0.128000E-03
       336         CE      0.840000E-02      0.132000E-01      0.000000E+00     -0.128000E-03
       337         CE      0.840000E-02      0.140000E-01      0.000000E+00     -0.128000E-03
       338         CE      0.840000E-02      0.148000E-01      0.000000E+00     -0.128000E-03
       339         CE      0.840000E-02      0.156000E-01      0.000000E+00     -0.128000E-03
       340         CE      0.840000E-02      0.164000E-01      0.000000E+00     -0.128000E-03
       341         CE      0.840000E-02      0.172000E-01      0.000000E+00     -0.128000E-03
       342         CE      0.840000E-02      0.180000E-01      0.000000E+00     -0.128000E-03
       343         CE      0.840000E-02      0.188000E-01      0.000000E+00     -0.128000E-03
       344         CE      0.840000E-02      0.196000E-01      0.000000E+00     -0.128000E-03
       345         CE      0.840000E-02      0.204000E-01      0.000000E+00     -0.128000E-03
       346         CE      0.840000E-02      0.212000E-01      0.000000E+00     -0.128000E-03
       347         CE      0.840000E-02      0.220000E-01      0.000000E+00     -0.128000E-03
       348         CE      0.840000E-02      0.228000E-01      0.000000E+00     -0.128000E-03
       349         CE      0.840000E-02      0.236000E-01      0.000000E+00     -0.128000E-03
       350         CE      0.840000E-02      0.244000E-01      0.000000E+00     -0.128000E-03
       351         CE      0.840000E-02      0.252000E-01      0.000000E+00     -0.128000E-03
       352         CE      0.920000E-02      0.400000E-03      0.000000E+00     -0.128000E-03
       353         CE      0.920000E-02      0.120000E-02      0.000000E+00     -0.128000E-03
       354         CE      0.920000E-02      0.200000E-02      0.000000E+00     -0.128000E-03
       355         CE      0.920000E-02      0.280000E-02      0.000000E+00     -0.128000E-03
       356         CE      0.920000E-02      0.360000E-02      0.000000E+00     -0.128000E-03
       357         CE      0.920000E-02      0.440000E-02      0.000000E+00     -0.128000E-03
       358         CE      0.920000E-02      0.520000E-02      0.000000E+00     -0.128000E-03
       359         CE      0.920000E-02      0.600000E-02      0.000000E+00     -0.128000E-03
       360         CE      0.920000E-02      0.680000E-02      0.000000E+00     -0.128000E-03
       361         CE      0.920000E-02      0.760000E-02      0.000000E+00     -0.128000E-03
       362         CE      0.920000E-02      0.840000E-02      0.000000E+00     -0.128000E-03
       363         CE      0.920000E-02      0.920000E-02      0.000000E+00     -0.128000E-03
       364         CE      0.920000E-02      0.100000E-01      0.000000E+00     -0.128000E-03
       365         CE      0.920000E-02      0.108000E-01      0.000000E+00     -0.128000E-03
       366         CE      0.920000E-02      0.116000E-01      0.000000E+00     -0.128000E-03
       367         CE      0.920000E-02      0.124000E-01      0.000000E+00     -0.128000E-03
       368         CE      0.920000E-02      0.132000E-01      0.000000E+00     -0.128000E-03
       369         CE      0.920000E-02      0.140000E-01      0.000000E+00     -0.128000E-03
       370         CE      0.920000E-02      0.148000E-01      0.000000E+00     -0.128000E-03
       371         CE      0.920000E-02      0.156000E-01      0.000000E+00     -0.128000E-03
       372         CE      0.920000E-02      0.164000E-01      0.000000E+00     -0.128000E-03
       373         CE      0.920000E-02      0.172000E-01      0.000000E+00     -0.128000E-03
       374         CE      0.920000E-02      0.180000E-01      0.000000E+00     -0.128000E-03
       375         CE      0.920000E-02      0.188000E-01      0.000000E+00     -0.128000E-03
       376         CE      0.920000E-02      0.196000E-01      0.000000E+00     -0.128000E-03
       377         CE      0.920000E-02      0.204000E-01      0.000000E+00     -0.128000E-03
       378         CE      0.920000E-02      0.212000E-01      0.000000E+00     -0.128000E-03
       379         CE      0.920000E-02      0.220000E-01      0.000000E+00     -0.128000E-03
       380         CE      0.920000E-02      0.228000E-01      0.000000E+00     -0.128000E-03
       381         CE      0.920000E-02      0.236000E-01      0.000000E+00     -0.128000E-03
       382         CE      0.920000E-02      0.244000E-01      0.000000E+00     -0.128000E-03
       383         CE      0.920000E-02      0.252000E-01      0.000000E+00     -0.128000E-03
       384         CE      0.100000E-01      0.400000E-03      0.000000E+00     -0.128000E-03
       385         CE      0.100000E-01      0.120000E-02      0.000000E+00     -0.128000E-03
       386         CE      0.100000E-01      0.200000E-02      0.000000E+00     -0.128000E-03
       387         CE      0.100000E-01      0.280000E-02      0.000000E+00     -0.128000E-03
       388         CE      0.100000E-01      0.360000E-02      0.000000E+00     -0.128000E-03
       389         CE      0.100000E-01      0.440000E-02      0.000000E+00     -0.128000E-03
       390         CE      0.100000E-01      0.520000E-02      0.000000E+00     -0.128000E-03
       391         CE      0.100000E-01      0.600000E-02      0.000000E+00     -0.128000E-03
       392         CE      0.100000E-01      0.680000E-02      0.000000E+00     -0.128000E-03
       393         CE      0.100000E-01      0.760000E-02      0.000000E+00     -0.128000E-03
       394         CE      0.100000E-01      0.840000E-02      0.000000E+00     -0.128000E-03
       395         CE      0.100000E-01      0.920000E-02      0.000000E+00     -0.128000E-03
       396         CE      0.100000E-01      0.100000E-01      0.000000E+00     -0.128000E-03
       397         CE      0.100000E-01      0.108000E-01      0.000000E+00     -0.128000E-03
       398         CE      0.100000E-01      0.116000E-01      0.000000E+00     -0.128000E-03
       399         CE      0.100000E-01      0.124000E-01      0.000000E+00     -0.128000E-03
       400         CE      0.100000E-01      0.132000E-01      0.000000E+00     -0.128000E-03
       401         CE      0.100000E-01      0.140000E-01      0.000000E+00     -0.128000E-03
       402         CE      0.100000E-01      0.148000E-01      0.000000E+00     -0.128000E-03
       403         CE      0.100000E-01      0.156000E-01      0.000000E+00     -0.128000E-03
       404         CE      0.100000E-01      0.164000E-01      0.000000E+00     -0.128000E-03
       405         CE      0.100000E-01      0.172000E-01      0.000000E+00     -0.128000E-03
       406         CE      0.100000E-01      0.180000E-01      0.000000E+00     -0.128000E-03
       407         CE      0.100000E-01      0.188000E-01      0.000000E+00     -0.128000E-03
       408         CE      0.100000E-01      0.196000E-01      0.000000E+00     -0.128000E-03
       409         CE      0.100000E-01      0.204000E-01      0.000000E+00     -0.128000E-03
       410         CE      0.100000E-01      0.212000E-01      0.000000E+00     -0.128000E-03
       411         CE      0.100000E-01      0.220000E-01      0.000000E+00     -0.128000E-03
       412         CE      0.100000E-01      0.228000E-01      0.000000E+00     -0.128000E-03
       413         CE      0.100000E-01      0.236000E-01      0.000000E+00     -0.128000E-03
       414         CE      0.100000E-01      0.244000E-01      0.000000E+00     -0.128000E-03
       415         CE      0.100000E-01      0.252000E-01      0.000000E+00     -0.128000E-03
       416         CE      0.108000E-01      0.400000E-03      0.000000E+00     -0.128000E-03
       417         CE      0.108000E-01      0.120000E-02      0.000000E+00     -0.128000E-03
       418         CE      0.108000E-01      0.200000E-02      0.000000E+00     -0.128000E-03
       419         CE      0.108000E-01      0.280000E-02      0.000000E+00     -0.128000E-03
       420         CE      0.108000E-01      0.360000E-02      0.000000E+00     -0.128000E-03
       421         CE      0.108000E-01      0.440000E-02      0.000000E+00     -0.128000E-03
       422         CE      0.108000E-01      0.520000E-02      0.000000E+00     -0.128000E-03
       423         CE      0.108000E-01      0.600000E-02      0.000000E+00     -0.128000E-03
       424         CE      0.108000E-01      0.680000E-02      0.000000E+00     -0.128000E-03
       425         CE      0.108000E-01      0.760000E-02      0.000000E+00     -0.128000E-03
       426         CE      0.108000E-01      0.840000E-02      0.000000E+00     -0.128000E-03
       427         CE      0.108000E-01      0.920000E-02      0.000000E+00     -0.128000E-03
       428         CE      0.108000E-01      0.100000E-01      0.000000E+00     -0.128000E-03
       429         CE      0.108000E-01      0.108000E-01      0.000000E+00     -0.128000E-03
       430         CE      0.108000E-01      0.116000E-01      0.000000E+00     -0.128000E-03
       431         CE      0.108000E-01      0.124000E-01      0.000000E+00     -0.128000E-03
       432         CE      0.108000E-01      0.132000E-01      0.000000E+00     -0.128000E-03
       433         CE      0.108000E-01      0.140000E-01      0.000000E+00     -0.128000E-03
       434         CE      0.108000E-01      0.148000E-01      0.000000E+00     -0.128000E-03
       435         CE      0.108000E-01      0.156000E-01      0.000000E+00     -0.128000E-03
       436         CE      0.108000E-01      0.164000E-01      0.000000E+00     -0.128000E-03
       437         CE      0.108000E-01      0.172000E-01      0.000000E+00     -0.128000E-03
       438         CE      0.108000E-01      0.180000E-01      0.000000E+00     -0.128000E-03
       439         CE      0.108000E-01      0.188000E-01      0.000000E+00     -0.128000E-03
       440         CE      0.108000E-01      0.196000E-01      0.000000E+00     -0.128000E-03
       441         CE      0.108000E-01      0.204000E-01      0.000000E+00     -0.128000E-03
       442         CE      0.108000E-01      0.212000E-01      0.000000E+00     -0.128000E-03
       443         CE      0.108000E-01      0.220000E-01      0.000000E+00     -0.128000E-03
       444         CE      0.108000E-01      0.228000E-01      0.000000E+00     -0.128000E-03
       445         CE      0.108000E-01      0.236000E-01      0.000000E+00     -0.128000E-03
       446         CE      0.108000E-01      0.244000E-01      0.000000E+00     -0.128000E-03
       447         CE      0.108000E-01      0.252000E-01      0.000000E+00     -0.128000E-03
       448         CE      0.116000E-01      0.400000E-03      0.000000E+00     -0.128000E-03
       449         CE      0.116000E-01      0.120000E-02      0.000000E+00     -0.128000E-03
       450         CE      0.116000E-01      0.200000E-02      0.000000E+00     -0.128000E-03
       451         CE      0.116000E-01      0.280000E-02      0.000000E+00     -0.128000E-03
       452         CE      0.116000E-01      0.360000E-02      0.000000E+00     -0.128000E-03
       453         CE      0.116000E-01      0.440000E-02      0.000000E+00     -0.128000E-03
       454         CE      0.116000E-01      0.520000E-02      0.000000E+00     -0.128000E-03
       455         CE      0.116000E-01      0.600000E-02      0.000000E+00     -0.128000E-03
       456         CE      0.116000E-01      0.680000E-02      0.000000E+00     -0.128000E-03
       457         CE      0.116000E-01      0.760000E-02      0.000000E+00     -0.128000E-03
       458         CE      0.116000E-01      0.840000E-02      0.000000E+00     -0.128000E-03
       459         CE      0.116000E-01      0.920000E-02      0.000000E+00     -0.128000E-03
       460         CE      0.116000E-01      0.100000E-01      0.000000E+00     -0.128000E-03
       461         CE      0.116000E-01      0.108000E-01      0.000000E+00     -0.128000E-03
       462         CE      0.116000E-01      0.116000E-01      0.000000E+00     -0.128000E-03
       463         CE      0.116000E-01      0.124000E-01      0.000000E+00     -0.128000E-03
       464         CE      0.116000E-01      0.132000E-01      0.000000E+00     -0.128000E-03
       465         CE      0.116000E-01      0.140000E-01      0.000000E+00     -0.128000E-03
       466         CE      0.116000E-01      0.148000E-01      0.000000E+00     -0.128000E-03
       467         CE      0.116000E-01      0.156000E-01      0.000000E+00     -0.128000E-03
       468         CE      0.116000E-01      0.164000E-01      0.000000E+00     -0.128000E-03
       469         CE      0.116000E-01      0.172000E-01      0.000000E+00     -0.128000E-03
       470         CE      0.116000E-01      0.180000E-01      0.000000E+00     -0.128000E-03
       471         CE      0.116000E-01      0.188000E-01      0.000000E+00     -0.128000E-03
       472         CE      0.116000E-01      0.196000E-01      0.000000E+00     -0.128000E-03
       473         CE      0.116000E-01      0.204000E-01      0.000000E+00     -0.128000E-03
       474         CE      0.116000E-01      0.212000E-01      0.000000E+00     -0.128000E-03
       475         CE      0.116000E-01      0.220000E-01      0.000000E+00     -0.128000E-03
       476         CE      0.116000E-01      0.228000E-01      0.000000E+00     -0.128000E-03
       477         CE      0.116000E-01      0.236000E-01      0.000000E+00     -0.128000E-03
       478         CE      0.116000E-01      0.244000E-01      0.000000E+00     -0.128000E-03
       479         CE      0.116000E-01      0.252000E-01      0.000000E+00     -0.128000E-03
       480         CE      0.124000E-01      0.400000E-03      0.000000E+00     -0.128000E-03
       481         CE      0.124000E-01      0.120000E-02      0.000000E+00     -0.128000E-03
       482         CE      0.124000E-01      0.200000E-02      0.000000E+00     -0.128000E-03
       483         CE      0.124000E-01      0.280000E-02      0.000000E+00     -0.128000E-03
       484         CE      0.124000E-01      0.360000E-02      0.000000E+00     -0.128000E-03
       485         CE      0.124000E-01      0.440000E-02      0.000000E+00     -0.128000E-03
       486         CE      0.124000E-01      0.520000E-02      0.000000E+00     -0.128000E-03
       487         CE      0.124000E-01      0.600000E-02      0.000000E+00     -0.128000E-03
       488         CE      0.124000E-01      0.680000E-02      0.000000E+00     -0.128000E-03
       489         CE      0.124000E-01      0.760000E-02      0.000000E+00     -0.128000E-03
       490         CE      0.124000E-01      0.840000E-02      0.000000E+00     -0.128000E-03
       491         CE      0.124000E-01      0.920000E-02      0.000000E+00     -0.128000E-03
       492         CE      0.124000E-01      0.100000E-01      0.000000E+00     -0.128000E-03
       493         CE      0.124000E-01      0.108000E-01      0.000000E+00     -0.128000E-03
       494         CE      0.124000E-01      0.116000E-01      0.000000E+00     -0.128000E-03
       495         CE      0.124000E-01      0.124000E-01      0.000000E+00     -0.128000E-03
       496         CE      0.124000E-01      0.132000E-01      0.000000E+00     -0.128000E-03
       497         CE      0.124000E-01      0.140000E-01      0.000000E+00     -0.128000E-03
       498         CE      0.124000E-01      0.148000E-01      0.000000E+00     -0.128000E-03
       499         CE      0.124000E-01      0.156000E-01      0.000000E+00     -0.128000E-03
       500         CE      0.124000E-01      0.164000E-01      0.000000E+00     -0.128000E-03
       501         CE      0.124000E-01      0.172000E-01      0.000000E+00     -0.128000E-03
       502         CE      0.124000E-01      0.180000E-01      0.000000E+00     -0.128000E-03
       503         CE      0.124000E-01      0.188000E-01      0.000000E+00     -0.128000E-03
       504         CE      0.124000E-01      0.196000E-01      0.000000E+00     -0.128000E-03
       505         CE      0.124000E-01      0.204000E-01      0.000000E+00     -0.128000E-03
       506         CE      0.124000E-01      0.212000E-01      0.000000E+00     -0.128000E-03
       507         CE      0.124000E-01      0.220000E-01      0.000000E+00     -0.128000E-03
       508         CE      0.124000E-01      0.228000E-01      0.000000E+00     -0.128000E-03
       509         CE      0.124000E-01      0.236000E-01      0.000000E+00     -0.128000E-03
       510         CE      0.124000E-01      0.244000E-01      0.000000E+00     -0.128000E-03
       511         CE      0.124000E-01      0.252000E-01      0.000000E+00     -0.128000E-03
       512         CE      0.132000E-01      0.400000E-03      0.000000E+00     -0.128000E-03
       513         CE      0.132000E-01      0.120000E-02      0.000000E+00     -0.128000E-03
       514         CE      0.132000E-01      0.200000E-02      0.000000E+00     -0.128000E-03
       515         CE      0.132000E-01      0.280000E-02      0.000000E+00     -0.128000E-03
       516         CE      0.132000E-01      0.360000E-02      0.000000E+00     -0.128000E-03
       517         CE      0.132000E-01      0.440000E-02      0.000000E+00     -0.128000E-03
       518         CE      0.132000E-01      0.520000E-02      0.000000E+00     -0.128000E-03
       519         CE      0.132000E-01      0.600000E-02      0.000000E+00     -0.128000E-03
       520         CE      0.132000E-01      0.680000E-02      0.000000E+00     -0.128000E-03
       521         CE      0.132000E-01      0.760000E-02      0.000000E+00     -0.128000E-03
       522         CE      0.132000E-01      0.840000E-02      0.000000E+00     -0.128000E-03
       523         CE      0.132000E-01      0.920000E-02      0.000000E+00     -0.128000E-03
       524         CE      0.132000E-01      0.100000E-01      0.000000E+00     -0.128000E-03
       525         CE      0.132000E-01      0.108000E-01      0.000000E+00     -0.128000E-03
       526         CE      0.132000E-01      0.116000E-01      0.000000E+00     -0.128000E-03
       527         CE      0.132000E-01      0.124000E-01      0.000000E+00     -0.128000E-03
       528         CE      0.132000E-01      0.132000E-01      0.000000E+00     -0.128000E-03
       529         CE      0.132000E-01      0.140000E-01      0.000000E+00     -0.128000E-03
       530         CE      0.132000E-01      0.148000E-01      0.000000E+00     -0.128000E-03
       531         CE      0.132000E-01      0.156000E-01      0.000000E+00     -0.128000E-03
       532         CE      0.132000E-01      0.164000E-01      0.000000E+00     -0.128000E-03
       533         CE      0.132000E-01      0.172000E-01      0.000000E+00     -0.128000E-03
       534         CE      0.132000E-01      0.180000E-01      0.000000E+00     -0.128000E-03
       535         CE      0.132000E-01      0.188000E-01      0.000000E+00     -0.128000E-03
       536         CE      0.132000E-01      0.196000E-01      0.000000E+00     -0.128000E-03
       537         CE      0.132000E-01      0.204000E-01      0.000000E+00     -0.128000E-03
       538         CE      0.132000E-01      0.212000E-01      0.000000E+00     -0.128000E-03
       539         CE      0.132000E-01      0.220000E-01      0.000000E+00     -0.128000E-03
       540         CE      0.132000E-01      0.228000E-01      0.000000E+00     -0.128000E-03
       541         CE      0.132000E-01      0.236000E-01      0.000000E+00     -0.128000E-03
       542         CE      0.132000E-01      0.244000E-01      0.000000E+00     -0.128000E-03
       543         CE      0.132000E-01      0.252000E-01      0.000000E+00     -0.128000E-03
       544         CE      0.140000E-01      0.400000E-03      0.000000E+00     -0.128000E-03
       545         CE      0.140000E-01      0.120000E-02      0.000000E+00     -0.128000E-03
       546         CE      0.140000E-01      0.200000E-02      0.000000E+00     -0.128000E-03
       547         CE      0.140000E-01      0.280000E-02      0.000000E+00     -0.128000E-03
       548         CE      0.140000E-01      0.360000E-02      0.000000E+00     -0.128000E-03
       549         CE      0.140000E-01      0.440000E-02      0.000000E+00     -0.128000E-03
       550         CE      0.140000E-01      0.520000E-02      0.000000E+00     -0.128000E-03
       551         CE      0.140000E-01      0.600000E-02      0.000000E+00     -0.128000E-03
       552         CE      0.140000E-01      0.680000E-02      0.000000E+00     -0.128000E-03
       553         CE      0.140000E-01      0.760000E-02      0.000000E+00     -0.128000E-03
       554         CE      0.140000E-01      0.840000E-02      0.000000E+00     -0.128000E-03
       555         CE      0.140000E-01      0.920000E-02      0.000000E+00     -0.128000E-03
       556         CE      0.140000E-01      0.100000E-01      0.000000E+00     -0.128000E-03
       557         CE      0.140000E-01      0.108000E-01      0.000000E+00     -0.128000E-03
       558         CE      0.140000E-01      0.116000E-01      0.000000E+00     -0.128000E-03
       559         CE      0.140000E-01      0.124000E-01      0.000000E+00     -0.128000E-03
       560         CE      0.140000E-01      0.132000E-01      0.000000E+00     -0.128000E-03
       561         CE      0.140000E-01      0.140000E-01      0.000000E+00     -0.128000E-03
       562         CE      0.140000E-01      0.148000E-01      0.000000E+00     -0.128000E-03
       563         CE      0.140000E-01      0.156000E-01      0.000000E+00     -0.128000E-03
       564         CE      0.140000E-01      0.164000E-01      0.000000E+00     -0.128000E-03
       565         CE      0.140000E-01      0.172000E-01      0.000000E+00     -0.128000E-03
       566         CE      0.140000E-01      0.180000E-01      0.000000E+00     -0.128000E-03
       567         CE      0.140000E-01      0.188000E-01      0.000000E+00     -0.128000E-03
       568         CE      0.140000E-01      0.196000E-01      0.000000E+00     -0.128000E-03
       569         CE      0.140000E-01      0.204000E-01      0.000000E+00     -0.128000E-03
       570         CE      0.140000E-01      0.212000E-01      0.000000E+00     -0.128000E-03
       571         CE      0.140000E-01      0.220000E-01      0.000000E+00     -0.128000E-03
       572         CE      0.140000E-01      0.228000E-01      0.000000E+00     -0.128000E-03
       573         CE      0.140000E-01      0.236000E-01      0.000000E+00     -0.128000E-03
       574         CE      0.140000E-01      0.244000E-01      0.000000E+00     -0.128000E-03
       575         CE      0.140000E-01      0.252000E-01      0.000000E+00     -0.128000E-03
       576         CE      0.148000E-01      0.400000E-03      0.000000E+00     -0.128000E-03
       577         CE      0.148000E-01      0.120000E-02      0.000000E+00     -0.128000E-03
       578         CE      0.148000E-01      0.200000E-02      0.000000E+00     -0.128000E-03
       579         CE      0.148000E-01      0.280000E-02      0.000000E+00     -0.128000E-03
       580         CE      0.148000E-01      0.360000E-02      0.000000E+00     -0.128000E-03
       581         CE      0.148000E-01      0.440000E-02      0.000000E+00     -0.128000E-03
       582         CE      0.148000E-01      0.520000E-02      0.000000E+00     -0.128000E-03
       583         CE      0.148000E-01      0.600000E-02      0.000000E+00     -0.128000E-03
       584         CE      0.148000E-01      0.680000E-02      0.000000E+00     -0.128000E-03
       585         CE      0.148000E-01      0.760000E-02      0.000000E+00     -0.128000E-03
       586         CE      0.148000E-01      0.840000E-02      0.000000E+00     -0.128000E-03
       587         CE      0.148000E-01      0.920000E-02      0.000000E+00     -0.128000E-03
       588         CE      0.148000E-01      0.100000E-01      0.000000E+00     -0.128000E-03
       589         CE      0.148000E-01      0.108000E-01      0.000000E+00     -0.128000E-03
       590         CE      0.148000E-01      0.116000E-01      0.000000E+00     -0.128000E-03
       591         CE      0.148000E-01      0.124000E-01      0.000000E+00     -0.128000E-03
       592         CE      0.148000E-01      0.132000E-01      0.000000E+00     -0.128000E-03
       593         CE      0.148000E-01      0.140000E-01      0.000000E+00     -0.128000E-03
       594         CE      0.148000E-01      0.148000E-01      0.000000E+00     -0.128000E-03
       595         CE      0.148000E-01      0.156000E-01      0.000000E+00     -0.128000E-03
       596         CE      0.148000E-01      0.164000E-01      0.000000E+00     -0.128000E-03
       597         CE      0.148000E-01      0.172000E-01      0.000000E+00     -0.128000E-03
       598         CE      0.148000E-01      0.180000E-01      0.000000E+00     -0.128000E-03
       599         CE      0.148000E-01      0.188000E-01      0.000000E+00     -0.128000E-03
       600         CE      0.148000E-01      0.196000E-01      0.000000E+00     -0.128000E-03
       601         CE      0.148000E-01      0.204000E-01      0.000000E+00     -0.128000E-03
       602         CE      0.148000E-01      0.212000E-01      0.000000E+00     -0.128000E-03
       603         CE      0.148000E-01      0.220000E-01      0.000000E+00     -0.128000E-03
       604         CE      0.148000E-01      0.228000E-01      0.000000E+00     -0.128000E-03
       605         CE      0.148000E-01      0.236000E-01      0.000000E+00     -0.128000E-03
       606         CE      0.148000E-01      0.244000E-01      0.000000E+00     -0.128000E-03
       607         CE      0.148000E-01      0.252000E-01      0.000000E+00     -0.128000E-03
       608         CE      0.156000E-01      0.400000E-03      0.000000E+00     -0.128000E-03
       609         CE      0.156000E-01      0.120000E-02      0.000000E+00     -0.128000E-03
       610         CE      0.156000E-01      0.200000E-02      0.000000E+00     -0.128000E-03
       611         CE      0.156000E-01      0.280000E-02      0.000000E+00     -0.128000E-03
       612         CE      0.156000E-01      0.360000E-02      0.000000E+00     -0.128000E-03
       613         CE      0.156000E-01      0.440000E-02      0.000000E+00     -0.128000E-03
       614         CE      0.156000E-01      0.520000E-02      0.000000E+00     -0.128000E-03
       615         CE      0.156000E-01      0.600000E-02      0.000000E+00     -0.128000E-03
       616         CE      0.156000E-01      0.680000E-02      0.000000E+00     -0.128000E-03
       617         CE      0.156000E-01      0.760000E-02      0.000000E+00     -0.128000E-03
       618         CE      0.156000E-01      0.840000E-02      0.000000E+00     -0.128000E-03
       619         CE      0.156000E-01      0.920000E-02      0.000000E+00     -0.128000E-03
       620         CE      0.156000E-01      0.100000E-01      0.000000E+00     -0.128000E-03
       621         CE      0.156000E-01      0.108000E-01      0.000000E+00     -0.128000E-03
       622         CE      0.156000E-01      0.116000E-01      0.000000E+00     -0.128000E-03
       623         CE      0.156000E-01      0.124000E-01      0.000000E+00     -0.128000E-03
       624         CE      0.156000E-01      0.132000E-01      0.000000E+00     -0.128000E-03
       625         CE      0.156000E-01      0.140000E-01      0.000000E+00     -0.128000E-03
       626         CE      0.156000E-01      0.148000E-01      0.000000E+00     -0.128000E-03
       627         CE      0.156000E-01      0.156000E-01      0.000000E+00     -0.128000E-03
       628         CE      0.156000E-01      0.164000E-01      0.000000E+00     -0.128000E-03
       629         CE      0.156000E-01      0.172000E-01      0.000000E+00     -0.128000E-03
       630         CE      0.156000E-01      0.180000E-01      0.000000E+00     -0.128000E-03
       631         CE      0.156000E-01      0.188000E-01      0.000000E+00     -0.128000E-03
       632         CE      0.156000E-01      0.196000E-01      0.000000E+00     -0.128000E-03
       633         CE      0.156000E-01      0.204000E-01      0.000000E+00     -0.128000E-03
       634         CE      0.156000E-01      0.212000E-01      0.000000E+00     -0.128000E-03
       635         CE      0.156000E-01      0.220000E-01      0.000000E+00     -0.128000E-03
       636         CE      0.156000E-01      0.228000E-01      0.000000E+00     -0.128000E-03
       637         CE      0.156000E-01      0.236000E-01      0.000000E+00     -0.128000E-03
       638         CE      0.156000E-01      0.244000E-01      0.000000E+00     -0.128000E-03
       639         CE      0.156000E-01      0.252000E-01      0.000000E+00     -0.128000E-03
       640         CE      0.164000E-01      0.400000E-03      0.000000E+00     -0.128000E-03
       641         CE      0.164000E-01      0.120000E-02      0.000000E+00     -0.128000E-03
       642         CE      0.164000E-01      0.200000E-02      0.000000E+00     -0.128000E-03
       643         CE      0.164000E-01      0.280000E-02      0.000000E+00     -0.128000E-03
       644         CE      0.164000E-01      0.360000E-02      0.000000E+00     -0.128000E-03
       645         CE      0.164000E-01      0.440000E-02      0.000000E+00     -0.128000E-03
       646         CE      0.164000E-01      0.520000E-02      0.000000E+00     -0.128000E-03
       647         CE      0.164000E-01      0.600000E-02      0.000000E+00     -0.128000E-03
       648         CE      0.164000E-01      0.680000E-02      0.000000E+00     -0.128000E-03
       649         CE      0.164000E-01      0.760000E-02      0.000000E+00     -0.128000E-03
       650         CE      0.164000E-01      0.840000E-02      0.000000E+00     -0.128000E-03
       651         CE      0.164000E-01      0.920000E-02      0.000000E+00     -0.128000E-03
       652         CE      0.164000E-01      0.100000E-01      0.000000E+00     -0.128000E-03
       653         CE      0.164000E-01      0.108000E-01      0.000000E+00     -0.128000E-03
       654         CE      0.164000E-01      0.116000E-01      0.000000E+00     -0.128000E-03
       655         CE      0.164000E-01      0.124000E-01      0.000000E+00     -0.128000E-03
       656         CE      0.164000E-01      0.132000E-01      0.000000E+00     -0.128000E-03
       657         CE      0.164000E-01      0.140000E-01      0.000000E+00     -0.128000E-03
       658         CE      0.164000E-01      0.148000E-01      0.000000E+00     -0.128000E-03
       659         CE      0.164000E-01      0.156000E-01      0.000000E+00     -0.128000E-03
       660         CE      0.164000E-01      0.164000E-01      0.000000E+00     -0.128000E-03
       661         CE      0.164000E-01      0.172000E-01      0.000000E+00     -0.128000E-03
       662         CE      0.164000E-01      0.180000E-01      0.000000E+00     -0.128000E-03
       663         CE      0.164000E-01      0.188000E-01      0.000000E+00     -0.128000E-03
       664         CE      0.164000E-01      0.196000E-01      0.000000E+00     -0.128000E-03
       665         CE      0.164000E-01      0.204000E-01      0.000000E+00     -0.128000E-03
       666         CE      0.164000E-01      0.212000E-01      0.000000E+00     -0.128000E-03
       667         CE      0.164000E-01      0.220000E-01      0.000000E+00     -0.128000E-03
       668         CE      0.164000E-01      0.228000E-01      0.000000E+00     -0.128000E-03
       669         CE      0.164000E-01      0.236000E-01      0.000000E+00     -0.128000E-03
       670         CE      0.164000E-01      0.244000E-01      0.000000E+00     -0.128000E-03
       671         CE      0.164000E-01      0.252000E-01      0.000000E+00     -0.128000E-03
       672         CE      0.172000E-01      0.400000E-03      0.000000E+00     -0.128000E-03
       673         CE      0.172000E-01      0.120000E-02      0.000000E+00     -0.128000E-03
       674         CE      0.172000E-01      0.200000E-02      0.000000E+00     -0.128000E-03
       675         CE      0.172000E-01      0.280000E-02      0.000000E+00     -0.128000E-03
       676         CE      0.172000E-01      0.360000E-02      0.000000E+00     -0.128000E-03
       677         CE      0.172000E-01      0.440000E-02      0.000000E+00     -0.128000E-03
       678         CE      0.172000E-01      0.520000E-02      0.000000E+00     -0.128000E-03
       679         CE      0.172000E-01      0.600000E-02      0.000000E+00     -0.128000E-03
       680         CE      0.172000E-01      0.680000E-02      0.000000E+00     -0.128000E-03
       681         CE      0.172000E-01      0.760000E-02      0.000000E+00     -0.128000E-03
       682         CE      0.172000E-01      0.840000E-02      0.000000E+00     -0.128000E-03
       683         CE      0.172000E-01      0.920000E-02      0.000000E+00     -0.128000E-03
       684         CE      0.172000E-01      0.100000E-01      0.000000E+00     -0.128000E-03
       685         CE      0.172000E-01      0.108000E-01      0.000000E+00     -0.128000E-03
       686         CE      0.172000E-01      0.116000E-01      0.000000E+00     -0.128000E-03
       687         CE      0.172000E-01      0.124000E-01      0.000000E+00     -0.128000E-03
       688         CE      0.172000E-01      0.132000E-01      0.000000E+00     -0.128000E-03
       689         CE      0.172000E-01      0.140000E-01      0.000000E+00     -0.128000E-03
       690         CE      0.172000E-01      0.148000E-01      0.000000E+00     -0.128000E-03
       691         CE      0.172000E-01      0.156000E-01      0.000000E+00     -0.128000E-03
       692         CE      0.172000E-01      0.164000E-01      0.000000E+00     -0.128000E-03
       693         CE      0.172000E-01      0.172000E-01      0.000000E+00     -0.128000E-03
       694         CE      0.172000E-01      0.180000E-01      0.000000E+00     -0.128000E-03
       695         CE      0.172000E-01      0.188000E-01      0.000000E+00     -0.128000E-03
       696         CE      0.172000E-01      0.196000E-01      0.000000E+00     -0.128000E-03
       697         CE      0.172000E-01      0.204000E-01      0.000000E+00     -0.128000E-03
       698         CE      0.172000E-01      0.212000E-01      0.000000E+00     -0.128000E-03
       699         CE      0.172000E-01      0.220000E-01      0.000000E+00     -0.128000E-03
       700         CE      0.172000E-01      0.228000E-01      0.000000E+00     -0.128000E-03
       701         CE      0.172000E-01      0.236000E-01      0.000000E+00     -0.128000E-03
       702         CE      0.172000E-01      0.244000E-01      0.000000E+00     -0.128000E-03
       703         CE      0.172000E-01      0.252000E-01      0.000000E+00     -0.128000E-03
       704         CE      0.180000E-01      0.400000E-03      0.000000E+00     -0.128000E-03
       705         CE      0.180000E-01      0.120000E-02      0.000000E+00     -0.128000E-03
       706         CE      0.180000E-01      0.200000E-02      0.000000E+00     -0.128000E-03
       707         CE      0.180000E-01      0.280000E-02      0.000000E+00     -0.128000E-03
       708         CE      0.180000E-01      0.360000E-02      0.000000E+00     -0.128000E-03
       709         CE      0.180000E-01      0.440000E-02      0.000000E+00     -0.128000E-03
       710         CE      0.180000E-01      0.520000E-02      0.000000E+00     -0.128000E-03
       711         CE      0.180000E-01      0.600000E-02      0.000000E+00     -0.128000E-03
       712         CE      0.180000E-01      0.680000E-02      0.000000E+00     -0.128000E-03
       713         CE      0.180000E-01      0.760000E-02      0.000000E+00     -0.128000E-03
       714         CE      0.180000E-01      0.840000E-02      0.000000E+00     -0.128000E-03
       715         CE      0.180000E-01      0.920000E-02      0.000000E+00     -0.128000E-03
       716         CE      0.180000E-01      0.100000E-01      0.000000E+00     -0.128000E-03
       717         CE      0.180000E-01      0.108000E-01      0.000000E+00     -0.128000E-03
       718         CE      0.180000E-01      0.116000E-01      0.000000E+00     -0.128000E-03
       719         CE      0.180000E-01      0.124000E-01      0.000000E+00     -0.128000E-03
       720         CE      0.180000E-01      0.132000E-01      0.000000E+00     -0.128000E-03
       721         CE      0.180000E-01      0.140000E-01      0.000000E+00     -0.128000E-03
       722         CE      0.180000E-01      0.148000E-01      0.000000E+00     -0.128000E-03
       723         CE      0.180000E-01      0.156000E-01      0.000000E+00     -0.128000E-03
       724         CE      0.180000E-01      0.164000E-01      0.000000E+00     -0.128000E-03
       725         CE      0.180000E-01      0.172000E-01      0.000000E+00     -0.128000E-03
       726         CE      0.180000E-01      0.180000E-01      0.000000E+00     -0.128000E-03
       727         CE      0.180000E-01      0.188000E-01      0.000000E+00     -0.128000E-03
       728         CE      0.180000E-01      0.196000E-01      0.000000E+00     -0.128000E-03
       729         CE      0.180000E-01      0.204000E-01      0.000000E+00     -0.128000E-03
       730         CE      0.180000E-01      0.212000E-01      0.000000E+00     -0.128000E-03
       731         CE      0.180000E-01      0.220000E-01      0.000000E+00     -0.128000E-03
       732         CE      0.180000E-01      0.228000E-01      0.000000E+00     -0.128000E-03
       733         CE      0.180000E-01      0.236000E-01      0.000000E+00     -0.128000E-03
       734         CE      0.180000E-01      0.244000E-01      0.000000E+00     -0.128000E-03
       735         CE      0.180000E-01      0.252000E-01      0.000000E+00     -0.128000E-03
       736         CE      0.188000E-01      0.400000E-03      0.000000E+00     -0.128000E-03
       737         CE      0.188000E-01      0.120000E-02      0.000000E+00     -0.128000E-03
       738         CE      0.188000E-01      0.200000E-02      0.000000E+00     -0.128000E-03
       739         CE      0.188000E-01      0.280000E-02      0.000000E+00     -0.128000E-03
       740         CE      0.188000E-01      0.360000E-02      0.000000E+00     -0.128000E-03
       741         CE      0.188000E-01      0.440000E-02      0.000000E+00     -0.128000E-03
       742         CE      0.188000E-01      0.520000E-02      0.000000E+00     -0.128000E-03
       743         CE      0.188000E-01      0.600000E-02      0.000000E+00     -0.128000E-03
       744         CE      0.188000E-01      0.680000E-02      0.000000E+00     -0.128000E-03
       745         CE      0.188000E-01      0.760000E-02      0.000000E+00     -0.128000E-03
       746         CE      0.188000E-01      0.840000E-02      0.000000E+00     -0.128000E-03
       747         CE      0.188000E-01      0.920000E-02      0.000000E+00     -0.128000E-03
       748         CE      0.188000E-01      0.100000E-01      0.000000E+00     -0.128000E-03
       749         CE      0.188000E-01      0.108000E-01      0.000000E+00     -0.128000E-03
       750         CE      0.188000E-01      0.116000E-01      0.000000E+00     -0.128000E-03
       751         CE      0.188000E-01      0.124000E-01      0.000000E+00     -0.128000E-03
       752         CE      0.188000E-01      0.132000E-01      0.000000E+00     -0.128000E-03
       753         CE      0.188000E-01      0.140000E-01      0.000000E+00     -0.128000E-03
       754         CE      0.188000E-01      0.148000E-01      0.000000E+00     -0.128000E-03
       755         CE      0.188000E-01      0.156000E-01      0.000000E+00     -0.128000E-03
       756         CE      0.188000E-01      0.164000E-01      0.000000E+00     -0.128000E-03
       757         CE      0.188000E-01      0.172000E-01      0.000000E+00     -0.128000E-03
       758         CE      0.188000E-01      0.180000E-01      0.000000E+00     -0.128000E-03
       759         CE      0.188000E-01      0.188000E-01      0.000000E+00     -0.128000E-03
       760         CE      0.188000E-01      0.196000E-01      0.000000E+00     -0.128000E-03
       761         CE      0.188000E-01      0.204000E-01      0.000000E+00     -0.128000E-03
       762         CE      0.188000E-01      0.212000E-01      0.000000E+00     -0.128000E-03
       763         CE      0.188000E-01      0.220000E-01      0.000000E+00     -0.128000E-03
       764         CE      0.188000E-01      0.228000E-01      0.000000E+00     -0.128000E-03
       765         CE      0.188000E-01      0.236000E-01      0.000000E+00     -0.128000E-03
       766         CE      0.188000E-01      0.244000E-01      0.000000E+00     -0.128000E-03
       767         CE      0.188000E-01      0.252000E-01      0.000000E+00     -0.128000E-03
       768         CE      0.196000E-01      0.400000E-03      0.000000E+00     -0.128000E-03
       769         CE      0.196000E-01      0.120000E-02      0.000000E+00     -0.128000E-03
       770         CE      0.196000E-01      0.200000E-02      0.000000E+00     -0.128000E-03
       771         CE      0.196000E-01      0.280000E-02      0.000000E+00     -0.128000E-03
       772         CE      0.196000E-01      0.360000E-02      0.000000E+00     -0.128000E-03
       773         CE      0.196000E-01      0.440000E-02      0.000000E+00     -0.128000E-03
       774         CE      0.196000E-01      0.520000E-02      0.000000E+00     -0.128000E-03
       775         CE      0.196000E-01      0.600000E-02      0.000000E+00     -0.128000E-03
       776         CE      0.196000E-01      0.680000E-02      0.000000E+00     -0.128000E-03
       777         CE      0.196000E-01      0.760000E-02      0.000000E+00     -0.128000E-03
       778         CE      0.196000E-01      0.840000E-02      0.000000E+00     -0.128000E-03
       779         CE      0.196000E-01      0.920000E-02      0.000000E+00     -0.128000E-03
       780         CE      0.196000E-01      0.100000E-01      0.000000E+00     -0.128000E-03
       781         CE      0.196000E-01      0.108000E-01      0.000000E+00     -0.128000E-03
       782         CE      0.196000E-01      0.116000E-01      0.000000E+00     -0.128000E-03
       783         CE      0.196000E-01      0.124000E-01      0.000000E+00     -0.128000E-03
       784         CE      0.196000E-01      0.132000E-01      0.000000E+00     -0.128000E-03
       785         CE      0.196000E-01      0.140000E-01      0.000000E+00     -0.128000E-03
       786         CE      0.196000E-01      0.148000E-01      0.000000E+00     -0.128000E-03
       787         CE      0.196000E-01      0.156000E-01      0.000000E+00     -0.128000E-03
       788         CE      0.196000E-01      0.164000E-01      0.000000E+00     -0.128000E-03
       789         CE      0.196000E-01      0.172000E-01      0.000000E+00     -0.128000E-03
       790         CE      0.196000E-01      0.180000E-01      0.000000E+00     -0.128000E-03
       791         CE      0.196000E-01      0.188000E-01      0.000000E+00     -0.128000E-03
       792         CE      0.196000E-01      0.196000E-01      0.000000E+00     -0.128000E-03
       793         CE      0.196000E-01      0.204000E-01      0.000000E+00     -0.128000E-03
       794         CE      0.196000E-01      0.212000E-01      0.000000E+00     -0.128000E-03
       795         CE      0.196000E-01      0.220000E-01      0.000000E+00     -0.128000E-03
       796         CE      0.196000E-01      0.228000E-01      0.000000E+00     -0.128000E-03
       797         CE      0.196000E-01      0.236000E-01      0.000000E+00     -0.128000E-03
       798         CE      0.196000E-01      0.244000E-01      0.000000E+00     -0.128000E-03
       799         CE      0.196000E-01      0.252000E-01      0.000000E+00     -0.128000E-03
       800         CE      0.204000E-01      0.400000E-03      0.000000E+00     -0.128000E-03
       801         CE      0.204000E-01      0.120000E-02      0.000000E+00     -0.128000E-03
       802         CE      0.204000E-01      0.200000E-02      0.000000E+00     -0.128000E-03
       803         CE      0.204000E-01      0.280000E-02      0.000000E+00     -0.128000E-03
       804         CE      0.204000E-01      0.360000E-02      0.000000E+00     -0.128000E-03
       805         CE      0.204000E-01      0.440000E-02      0.000000E+00     -0.128000E-03
       806         CE      0.204000E-01      0.520000E-02      0.000000E+00     -0.128000E-03
       807         CE      0.204000E-01      0.600000E-02      0.000000E+00     -0.128000E-03
       808         CE      0.204000E-01      0.680000E-02      0.000000E+00     -0.128000E-03
       809         CE      0.204000E-01      0.760000E-02      0.000000E+00     -0.128000E-03
       810         CE      0.204000E-01      0.840000E-02      0.000000E+00     -0.128000E-03
       811         CE      0.204000E-01      0.920000E-02      0.000000E+00     -0.128000E-03
       812         CE      0.204000E-01      0.100000E-01      0.000000E+00     -0.128000E-03
       813         CE      0.204000E-01      0.108000E-01      0.000000E+00     -0.128000E-03
       814         CE      0.204000E-01      0.116000E-01      0.000000E+00     -0.128000E-03
       815         CE      0.204000E-01      0.124000E-01      0.000000E+00     -0.128000E-03
       816         CE      0.204000E-01      0.132000E-01      0.000000E+00     -0.128000E-03
       817         CE      0.204000E-01      0.140000E-01      0.000000E+00     -0.128000E-03
       818         CE      0.204000E-01      0.148000E-01      0.000000E+00     -0.128000E-03
       819         CE      0.204000E-01      0.156000E-01      0.000000E+00     -0.128000E-03
       820         CE      0.204000E-01      0.164000E-01      0.000000E+00     -0.128000E-03
       821         CE      0.204000E-01      0.172000E-01      0.000000E+00     -0.128000E-03
       822         CE      0.204000E-01      0.180000E-01      0.000000E+00     -0.128000E-03
       823         CE      0.204000E-01      0.188000E-01      0.000000E+00     -0.128000E-03
       824         CE      0.204000E-01      0.196000E-01      0.000000E+00     -0.128000E-03
       825         CE      0.204000E-01      0.204000E-01      0.000000E+00     -0.128000E-03
       826         CE      0.204000E-01      0.212000E-01      0.000000E+00     -0.128000E-03
       827         CE      0.204000E-01      0.220000E-01      0.000000E+00     -0.128000E-03
       828         CE      0.204000E-01      0.228000E-01      0.000000E+00     -0.128000E-03
       829         CE      0.204000E-01      0.236000E-01      0.000000E+00     -0.128000E-03
       830         CE      0.204000E-01      0.244000E-01      0.000000E+00     -0.128000E-03
       831         CE      0.204000E-01      0.252000E-01      0.000000E+00     -0.128000E-03
       832         CE      0.212000E-01      0.400000E-03      0.000000E+00     -0.128000E-03
       833         CE      0.212000E-01      0.120000E-02      0.000000E+00     -0.128000E-03
       834         CE      0.212000E-01      0.200000E-02      0.000000E+00     -0.128000E-03
       835         CE      0.212000E-01      0.280000E-02      0.000000E+00     -0.128000E-03
       836         CE      0.212000E-01      0.360000E-02      0.000000E+00     -0.128000E-03
       837         CE      0.212000E-01      0.440000E-02      0.000000E+00     -0.128000E-03
       838         CE      0.212000E-01      0.520000E-02      0.000000E+00     -0.128000E-03
       839         CE      0.212000E-01      0.600000E-02      0.000000E+00     -0.128000E-03
       840         CE      0.212000E-01      0.680000E-02      0.000000E+00     -0.128000E-03
       841         CE      0.212000E-01      0.760000E-02      0.000000E+00     -0.128000E-03
       842         CE      0.212000E-01      0.840000E-02      0.000000E+00     -0.128000E-03
       843         CE      0.212000E-01      0.920000E-02      0.000000E+00     -0.128000E-03
       844         CE      0.212000E-01      0.100000E-01      0.000000E+00     -0.128000E-03
       845         CE      0.212000E-01      0.108000E-01      0.000000E+00     -0.128000E-03
       846         CE      0.212000E-01      0.116000E-01      0.000000E+00     -0.128000E-03
       847         CE      0.212000E-01      0.124000E-01      0.000000E+00     -0.128000E-03
       848         CE      0.212000E-01      0.132000E-01      0.000000E+00     -0.128000E-03
       849         CE      0.212000E-01      0.140000E-01      0.000000E+00     -0.128000E-03
       850         CE      0.212000E-01      0.148000E-01      0.000000E+00     -0.128000E-03
       851         CE      0.212000E-01      0.156000E-01      0.000000E+00     -0.128000E-03
       852         CE      0.212000E-01      0.164000E-01      0.000000E+00     -0.128000E-03
       853         CE      0.212000E-01      0.172000E-01      0.000000E+00     -0.128000E-03
       854         CE      0.212000E-01      0.180000E-01      0.000000E+00     -0.128000E-03
       855         CE      0.212000E-01      0.188000E-01      0.000000E+00     -0.128000E-03
       856         CE      0.212000E-01      0.196000E-01      0.000000E+00     -0.128000E-03
       857         CE      0.212000E-01      0.204000E-01      0.000000E+00     -0.128000E-03
       858         CE      0.212000E-01      0.212000E-01      0.000000E+00     -0.128000E-03
       859         CE      0.212000E-01      0.220000E-01      0.000000E+00     -0.128000E-03
       860         CE      0.212000E-01      0.228000E-01      0.000000E+00     -0.128000E-03
       861         CE      0.212000E-01      0.236000E-01      0.000000E+00     -0.128000E-03
       862         CE      0.212000E-01      0.244000E-01      0.000000E+00     -0.128000E-03
       863         CE      0.212000E-01      0.252000E-01      0.000000E+00     -0.128000E-03
       864         CE      0.220000E-01      0.400000E-03      0.000000E+00     -0.128000E-03
       865         CE      0.220000E-01      0.120000E-02      0.000000E+00     -0.128000E-03
       866         CE      0.220000E-01      0.200000E-02      0.000000E+00     -0.128000E-03
       867         CE      0.220000E-01      0.280000E-02      0.000000E+00     -0.128000E-03
       868         CE      0.220000E-01      0.360000E-02      0.000000E+00     -0.128000E-03
       869         CE      0.220000E-01      0.440000E-02      0.000000E+00     -0.128000E-03
       870         CE      0.220000E-01      0.520000E-02      0.000000E+00     -0.128000E-03
       871         CE      0.220000E-01      0.600000E-02      0.000000E+00     -0.128000E-03
       872         CE      0.220000E-01      0.680000E-02      0.000000E+00     -0.128000E-03
       873         CE      0.220000E-01      0.760000E-02      0.000000E+00     -0.128000E-03
       874         CE      0.220000E-01      0.840000E-02      0.000000E+00     -0.128000E-03
       875         CE      0.220000E-01      0.920000E-02      0.000000E+00     -0.128000E-03
       876         CE      0.220000E-01      0.100000E-01      0.000000E+00     -0.128000E-03
       877         CE      0.220000E-01      0.108000E-01      0.000000E+00     -0.128000E-03
       878         CE      0.220000E-01      0.116000E-01      0.000000E+00     -0.128000E-03
       879         CE      0.220000E-01      0.124000E-01      0.000000E+00     -0.128000E-03
       880         CE      0.220000E-01      0.132000E-01      0.000000E+00     -0.128000E-03
       881         CE      0.220000E-01      0.140000E-01      0.000000E+00     -0.128000E-03
       882         CE      0.220000E-01      0.148000E-01      0.000000E+00     -0.128000E-03
       883         CE      0.220000E-01      0.156000E-01      0.000000E+00     -0.128000E-03
       884         CE      0.220000E-01      0.164000E-01      0.000000E+00     -0.128000E-03
       885         CE      0.220000E-01      0.172000E-01      0.000000E+00     -0.128000E-03
       886         CE      0.220000E-01      0.180000E-01      0.000000E+00     -0.128000E-03
       887         CE      0.220000E-01      0.188000E-01      0.000000E+00     -0.128000E-03
       888         CE      0.220000E-01      0.196000E-01      0.000000E+00     -0.128000E-03
       889         CE      0.220000E-01      0.204000E-01      0.000000E+00     -0.128000E-03
       890         CE      0.220000E-01      0.212000E-01      0.000000E+00     -0.128000E-03
       891         CE      0.220000E-01      0.220000E-01      0.000000E+00     -0.128000E-03
       892         CE      0.220000E-01      0.228000E-01      0.000000E+00     -0.128000E-03
       893         CE      0.220000E-01      0.236000E-01      0.000000E+00     -0.128000E-03
       894         CE      0.220000E-01      0.244000E-01      0.000000E+00     -0.128000E-03
       895         CE      0.220000E-01      0.252000E-01      0.000000E+00     -0.128000E-03
       896         CE      0.228000E-01      0.400000E-03      0.000000E+00     -0.128000E-03
       897         CE      0.228000E-01      0.120000E-02      0.000000E+00     -0.128000E-03
       898         CE      0.228000E-01      0.200000E-02      0.000000E+00     -0.128000E-03
       899         CE      0.228000E-01      0.280000E-02      0.000000E+00     -0.128000E-03
       900         CE      0.228000E-01      0.360000E-02      0.000000E+00     -0.128000E-03
       901         CE      0.228000E-01      0.440000E-02      0.000000E+00     -0.128000E-03
       902         CE      0.228000E-01      0.520000E-02      0.000000E+00     -0.128000E-03
       903         CE      0.228000E-01      0.600000E-02      0.000000E+00     -0.128000E-03
       904         CE      0.228000E-01      0.680000E-02      0.000000E+00     -0.128000E-03
       905         CE      0.228000E-01      0.760000E-02      0.000000E+00     -0.128000E-03
       906         CE      0.228000E-01      0.840000E-02      0.000000E+00     -0.128000E-03
       907         CE      0.228000E-01      0.920000E-02      0.000000E+00     -0.128000E-03
       908         CE      0.228000E-01      0.100000E-01      0.000000E+00     -0.128000E-03
       909         CE      0.228000E-01      0.108000E-01      0.000000E+00     -0.128000E-03
       910         CE      0.228000E-01      0.116000E-01      0.000000E+00     -0.128000E-03
       911         CE      0.228000E-01      0.124000E-01      0.000000E+00     -0.128000E-03
       912         CE      0.228000E-01      0.132000E-01      0.000000E+00     -0.128000E-03
       913         CE      0.228000E-01      0.140000E-01      0.000000E+00     -0.128000E-03
       914         CE      0.228000E-01      0.148000E-01      0.000000E+00     -0.128000E-03
       915         CE      0.228000E-01      0.156000E-01      0.000000E+00     -0.128000E-03
       916         CE      0.228000E-01      0.164000E-01      0.000000E+00     -0.128000E-03
       917         CE      0.228000E-01      0.172000E-01      0.000000E+00     -0.128000E-03
       918         CE      0.228000E-01      0.180000E-01      0.000000E+00     -0.128000E-03
       919         CE      0.228000E-01      0.188000E-01      0.000000E+00     -0.128000E-03
       920         CE      0.228000E-01      0.196000E-01      0.000000E+00     -0.128000E-03
       921         CE      0.228000E-01      0.204000E-01      0.000000E+00     -0.128000E-03
       922         CE      0.228000E-01      0.212000E-01      0.000000E+00     -0.128000E-03
       923         CE      0.228000E-01      0.220000E-01      0.000000E+00     -0.128000E-03
       924         CE      0.228000E-01      0.228000E-01      0.000000E+00     -0.128000E-03
       925         CE      0.228000E-01      0.236000E-01      0.000000E+00     -0.128000E-03
       926         CE      0.228000E-01      0.244000E-01      0.000000E+00     -0.128000E-03
       927         CE      0.228000E-01      0.252000E-01      0.000000E+00     -0.128000E-03
       928         CE      0.236000E-01      0.400000E-03      0.000000E+00     -0.128000E-03
       929         CE      0.236000E-01      0.120000E-02      0.000000E+00     -0.128000E-03
       930         CE      0.236000E-01      0.200000E-02      0.000000E+00     -0.128000E-03
       931         CE      0.236000E-01      0.280000E-02      0.000000E+00     -0.128000E-03
       932         CE      0.236000E-01      0.360000E-02      0.000000E+00     -0.128000E-03
       933         CE      0.236000E-01      0.440000E-02      0.000000E+00     -0.128000E-03
       934         CE      0.236000E-01      0.520000E-02      0.000000E+00     -0.128000E-03
       935         CE      0.236000E-01      0.600000E-02      0.000000E+00     -0.128000E-03
       936         CE      0.236000E-01      0.680000E-02      0.000000E+00     -0.128000E-03
       937         CE      0.236000E-01      0.760000E-02      0.000000E+00     -0.128000E-03
       938         CE      0.236000E-01      0.840000E-02      0.000000E+00     -0.128000E-03
       939         CE      0.236000E-01      0.920000E-02      0.000000E+00     -0.128000E-03
       940         CE      0.236000E-01      0.100000E-01      0.000000E+00     -0.128000E-03
       941         CE      0.236000E-01      0.108000E-01      0.000000E+00     -0.128000E-03
       942         CE      0.236000E-01      0.116000E-01      0.000000E+00     -0.128000E-03
       943         CE      0.236000E-01      0.124000E-01      0.000000E+00     -0.128000E-03
       944         CE      0.236000E-01      0.132000E-01      0.000000E+00     -0.128000E-03
       945         CE      0.236000E-01      0.140000E-01      0.000000E+00     -0.128000E-03
       946         CE      0.236000E-01      0.148000E-01      0.000000E+00     -0.128000E-03
       947         CE      0.236000E-01      0.156000E-01      0.000000E+00     -0.128000E-03
       948         CE      0.236000E-01      0.164000E-01      0.000000E+00     -0.128000E-03
       949         CE      0.236000E-01      0.172000E-01      0.000000E+00     -0.128000E-03
       950         CE      0.236000E-01      0.180000E-01      0.000000E+00     -0.128000E-03
       951         CE      0.236000E-01      0.188000E-01      0.000000E+00     -0.128000E-03
       952         CE      0.236000E-01      0.196000E-01      0.000000E+00     -0.128000E-03
       953         CE      0.236000E-01      0.204000E-01      0.000000E+00     -0.128000E-03
       954         CE      0.236000E-01      0.212000E-01      0.000000E+00     -0.128000E-03
       955         CE      0.236000E-01      0.220000E-01      0.000000E+00     -0.128000E-03
       956         CE      0.236000E-01      0.228000E-01      0.000000E+00     -0.128000E-03
       957         CE      0.236000E-01      0.236000E-01      0.000000E+00     -0.128000E-03
       958         CE      0.236000E-01      0.244000E-01      0.000000E+00     -0.128000E-03
       959         CE      0.236000E-01      0.252000E-01      0.000000E+00     -0.128000E-03
       960         CE      0.244000E-01      0.400000E-03      0.000000E+00     -0.128000E-03
       961         CE      0.244000E-01      0.120000E-02      0.000000E+00     -0.128000E-03
       962         CE      0.244000E-01      0.200000E-02      0.000000E+00     -0.128000E-03
       963         CE      0.244000E-01      0.280000E-02      0.000000E+00     -0.128000E-03
       964         CE      0.244000E-01      0.360000E-02      0.000000E+00     -0.128000E-03
       965         CE      0.244000E-01      0.440000E-02      0.000000E+00     -0.128000E-03
       966         CE      0.244000E-01      0.520000E-02      0.000000E+00     -0.128000E-03
       967         CE      0.244000E-01      0.600000E-02      0.000000E+00     -0.128000E-03
       968         CE      0.244000E-01      0.680000E-02      0.000000E+00     -0.128000E-03
       969         CE      0.244000E-01      0.760000E-02      0.000000E+00     -0.128000E-03
       970         CE      0.244000E-01      0.840000E-02      0.000000E+00     -0.128000E-03
       971         CE      0.244000E-01      0.920000E-02      0.000000E+00     -0.128000E-03
       972         CE      0.244000E-01      0.100000E-01      0.000000E+00     -0.128000E-03
       973         CE      0.244000E-01      0.108000E-01      0.000000E+00     -0.128000E-03
       974         CE      0.244000E-01      0.116000E-01      0.000000E+00     -0.128000E-03
       975         CE      0.244000E-01      0.124000E-01      0.000000E+00     -0.128000E-03
       976         CE      0.244000E-01      0.132000E-01      0.000000E+00     -0.128000E-03
       977         CE      0.244000E-01      0.140000E-01      0.000000E+00     -0.128000E-03
       978         CE      0.244000E-01      0.148000E-01      0.000000E+00     -0.128000E-03
       979         CE      0.244000E-01      0.156000E-01      0.000000E+00     -0.128000E-03
       980         CE      0.244000E-01      0.164000E-01      0.000000E+00     -0.128000E-03
       981         CE      0.244000E-01      0.172000E-01      0.000000E+00     -0.128000E-03
       982         CE      0.244000E-01      0.180000E-01      0.000000E+00     -0.128000E-03
       983         CE      0.244000E-01      0.188000E-01      0.000000E+00     -0.128000E-03
       984         CE      0.244000E-01      0.196000E-01      0.000000E+00     -0.128000E-03
       985         CE      0.244000E-01      0.204000E-01      0.000000E+00     -0.128000E-03
       986         CE      0.244000E-01      0.212000E-01      0.000000E+00     -0.128000E-03
       987         CE      0.244000E-01      0.220000E-01      0.000000E+00     -0.128000E-03
       988         CE      0.244000E-01      0.228000E-01      0.000000E+00     -0.128000E-03
       989         CE      0.244000E-01      0.236000E-01      0.000000E+00     -0.128000E-03
       990         CE      0.244000E-01      0.244000E-01      0.000000E+00     -0.128000E-03
       991         CE      0.244000E-01      0.252000E-01      0.000000E+00     -0.128000E-03
       992         CE      0.252000E-01      0.400000E-03      0.000000E+00     -0.128000E-03
       993         CE      0.252000E-01      0.120000E-02      0.000000E+00     -0.128000E-03
       994         CE      0.252000E-01      0.200000E-02      0.000000E+00     -0.128000E-03
       995         CE      0.252000E-01      0.280000E-02      0.000000E+00     -0.128000E-03
       996         CE      0.252000E-01      0.360000E-02      0.000000E+00     -0.128000E-03
       997         CE      0.252000E-01      0.440000E-02      0.000000E+00     -0.128000E-03
       998         CE      0.252000E-01      0.520000E-02      0.000000E+00     -0.128000E-03
       999         CE      0.252000E-01      0.600000E-02      0.000000E+00     -0.128000E-03
      1000         CE      0.252000E-01      0.680000E-02      0.000000E+00     -0.128000E-03
      1001         CE      0.252000E-01      0.760000E-02      0.000000E+00     -0.128000E-03
      1002         CE      0.252000E-01      0.840000E-02      0.000000E+00     -0.128000E-03
      1003         CE      0.252000E-01      0.920000E-02      0.000000E+00     -0.128000E-03
      1004         CE      0.252000E-01      0.100000E-01      0.000000E+00     -0.128000E-03
      1005         CE      0.252000E-01      0.108000E-01      0.000000E+00     -0.128000E-03
      1006         CE      0.252000E-01      0.116000E-01      0.000000E+00     -0.128000E-03
      1007         CE      0.252000E-01      0.124000E-01      0.000000E+00     -0.128000E-03
      1008         CE      0.252000E-01      0.132000E-01      0.000000E+00     -0.128000E-03
      1009         CE      0.252000E-01      0.140000E-01      0.000000E+00     -0.128000E-03
      1010         CE      0.252000E-01      0.148000E-01      0.000000E+00     -0.128000E-03
      1011         CE      0.252000E-01      0.156000E-01      0.000000E+00     -0.128000E-03
      1012         CE      0.252000E-01      0.164000E-01      0.000000E+00     -0.128000E-03
      1013         CE      0.252000E-01      0.172000E-01      0.000000E+00     -0.128000E-03
      1014         CE      0.252000E-01      0.180000E-01      0.000000E+00     -0.128000E-03
      1015         CE      0.252000E-01      0.188000E-01      0.000000E+00     -0.128000E-03
      1016         CE      0.252000E-01      0.196000E-01      0.000000E+00     -0.128000E-03
      1017         CE      0.252000E-01      0.204000E-01      0.000000E+00     -0.128000E-03
      1018         CE      0.252000E-01      0.212000E-01      0.000000E+00     -0.128000E-03
      1019         CE      0.252000E-01      0.220000E-01      0.000000E+00     -0.128000E-03
      1020         CE      0.252000E-01      0.228000E-01      0.000000E+00     -0.128000E-03
      1021         CE      0.252000E-01      0.236000E-01      0.000000E+00     -0.128000E-03
      1022         CE      0.252000E-01      0.244000E-01      0.000000E+00     -0.128000E-03
      1023         CE      0.252000E-01      0.252000E-01      0.000000E+00     -0.128000E-03
