0 CE .00040000000000000000 .00040000000000000000 0.0    -0.025472
1 CE .00040000000000000000 .00120000000000000000 0.0    -0.025472
2 CE .00040000000000000000 .00200000000000000000 0.0    -0.025472
3 CE .00040000000000000000 .00280000000000000000 0.0    -0.025472
4 CE .00040000000000000000 .00360000000000000000 0.0    -0.025472
5 CE .00040000000000000000 .00440000000000000000 0.0    -0.025472
6 CE .00040000000000000000 .00520000000000000000 0.0    -0.025472
7 CE .00040000000000000000 .00600000000000000000 0.0    -0.025472
8 CE .00040000000000000000 .00680000000000000000 0.0    -0.025472
9 CE .00040000000000000000 .00760000000000000000 0.0    -0.025472
10 CE .00040000000000000000 .00840000000000000000 0.0    -0.025472
11 CE .00040000000000000000 .00920000000000000000 0.0    -0.025472
12 CE .00040000000000000000 .01000000000000000000 0.0    -0.025472
13 CE .00040000000000000000 .01080000000000000000 0.0    -0.025472
14 CE .00040000000000000000 .01160000000000000000 0.0    -0.025472
15 CE .00040000000000000000 .01240000000000000000 0.0    -0.025472
16 CE .00040000000000000000 .01320000000000000000 0.0    -0.025472
17 CE .00040000000000000000 .01400000000000000000 0.0    -0.025472
18 CE .00040000000000000000 .01480000000000000000 0.0    -0.025472
19 CE .00040000000000000000 .01560000000000000000 0.0    -0.025472
20 CE .00040000000000000000 .01640000000000000000 0.0    -0.025472
21 CE .00040000000000000000 .01720000000000000000 0.0    -0.025472
22 CE .00040000000000000000 .01800000000000000000 0.0    -0.025472
23 CE .00040000000000000000 .01880000000000000000 0.0    -0.025472
24 CE .00040000000000000000 .01960000000000000000 0.0    -0.025472
25 CE .00040000000000000000 .02040000000000000000 0.0    -0.025472
26 CE .00040000000000000000 .02120000000000000000 0.0    -0.025472
27 CE .00040000000000000000 .02200000000000000000 0.0    -0.025472
28 CE .00040000000000000000 .02280000000000000000 0.0    -0.025472
29 CE .00040000000000000000 .02360000000000000000 0.0    -0.025472
30 CE .00040000000000000000 .02440000000000000000 0.0    -0.025472
31 CE .00040000000000000000 .02520000000000000000 0.0    -0.025472
32 CE .00120000000000000000 .00040000000000000000 0.0    -0.025472
33 CE .00120000000000000000 .00120000000000000000 0.0    -0.025472
34 CE .00120000000000000000 .00200000000000000000 0.0    -0.025472
35 CE .00120000000000000000 .00280000000000000000 0.0    -0.025472
36 CE .00120000000000000000 .00360000000000000000 0.0    -0.025472
37 CE .00120000000000000000 .00440000000000000000 0.0    -0.025472
38 CE .00120000000000000000 .00520000000000000000 0.0    -0.025472
39 CE .00120000000000000000 .00600000000000000000 0.0    -0.025472
40 CE .00120000000000000000 .00680000000000000000 0.0    -0.025472
41 CE .00120000000000000000 .00760000000000000000 0.0    -0.025472
42 CE .00120000000000000000 .00840000000000000000 0.0    -0.025472
43 CE .00120000000000000000 .00920000000000000000 0.0    -0.025472
44 CE .00120000000000000000 .01000000000000000000 0.0    -0.025472
45 CE .00120000000000000000 .01080000000000000000 0.0    -0.025472
46 CE .00120000000000000000 .01160000000000000000 0.0    -0.025472
47 CE .00120000000000000000 .01240000000000000000 0.0    -0.025472
48 CE .00120000000000000000 .01320000000000000000 0.0    -0.025472
49 CE .00120000000000000000 .01400000000000000000 0.0    -0.025472
50 CE .00120000000000000000 .01480000000000000000 0.0    -0.025472
51 CE .00120000000000000000 .01560000000000000000 0.0    -0.025472
52 CE .00120000000000000000 .01640000000000000000 0.0    -0.025472
53 CE .00120000000000000000 .01720000000000000000 0.0    -0.025472
54 CE .00120000000000000000 .01800000000000000000 0.0    -0.025472
55 CE .00120000000000000000 .01880000000000000000 0.0    -0.025472
56 CE .00120000000000000000 .01960000000000000000 0.0    -0.025472
57 CE .00120000000000000000 .02040000000000000000 0.0    -0.025472
58 CE .00120000000000000000 .02120000000000000000 0.0    -0.025472
59 CE .00120000000000000000 .02200000000000000000 0.0    -0.025472
60 CE .00120000000000000000 .02280000000000000000 0.0    -0.025472
61 CE .00120000000000000000 .02360000000000000000 0.0    -0.025472
62 CE .00120000000000000000 .02440000000000000000 0.0    -0.025472
63 CE .00120000000000000000 .02520000000000000000 0.0    -0.025472
64 CE .00200000000000000000 .00040000000000000000 0.0    -0.025472
65 CE .00200000000000000000 .00120000000000000000 0.0    -0.025472
66 CE .00200000000000000000 .00200000000000000000 0.0    -0.025472
67 CE .00200000000000000000 .00280000000000000000 0.0    -0.025472
68 CE .00200000000000000000 .00360000000000000000 0.0    -0.025472
69 CE .00200000000000000000 .00440000000000000000 0.0    -0.025472
70 CE .00200000000000000000 .00520000000000000000 0.0    -0.025472
71 CE .00200000000000000000 .00600000000000000000 0.0    -0.025472
72 CE .00200000000000000000 .00680000000000000000 0.0    -0.025472
73 CE .00200000000000000000 .00760000000000000000 0.0    -0.025472
74 CE .00200000000000000000 .00840000000000000000 0.0    -0.025472
75 CE .00200000000000000000 .00920000000000000000 0.0    -0.025472
76 CE .00200000000000000000 .01000000000000000000 0.0    -0.025472
77 CE .00200000000000000000 .01080000000000000000 0.0    -0.025472
78 CE .00200000000000000000 .01160000000000000000 0.0    -0.025472
79 CE .00200000000000000000 .01240000000000000000 0.0    -0.025472
80 CE .00200000000000000000 .01320000000000000000 0.0    -0.025472
81 CE .00200000000000000000 .01400000000000000000 0.0    -0.025472
82 CE .00200000000000000000 .01480000000000000000 0.0    -0.025472
83 CE .00200000000000000000 .01560000000000000000 0.0    -0.025472
84 CE .00200000000000000000 .01640000000000000000 0.0    -0.025472
85 CE .00200000000000000000 .01720000000000000000 0.0    -0.025472
86 CE .00200000000000000000 .01800000000000000000 0.0    -0.025472
87 CE .00200000000000000000 .01880000000000000000 0.0    -0.025472
88 CE .00200000000000000000 .01960000000000000000 0.0    -0.025472
89 CE .00200000000000000000 .02040000000000000000 0.0    -0.025472
90 CE .00200000000000000000 .02120000000000000000 0.0    -0.025472
91 CE .00200000000000000000 .02200000000000000000 0.0    -0.025472
92 CE .00200000000000000000 .02280000000000000000 0.0    -0.025472
93 CE .00200000000000000000 .02360000000000000000 0.0    -0.025472
94 CE .00200000000000000000 .02440000000000000000 0.0    -0.025472
95 CE .00200000000000000000 .02520000000000000000 0.0    -0.025472
96 CE .00280000000000000000 .00040000000000000000 0.0    -0.025472
97 CE .00280000000000000000 .00120000000000000000 0.0    -0.025472
98 CE .00280000000000000000 .00200000000000000000 0.0    -0.025472
99 CE .00280000000000000000 .00280000000000000000 0.0    -0.025472
100 CE .00280000000000000000 .00360000000000000000 0.0    -0.025472
101 CE .00280000000000000000 .00440000000000000000 0.0    -0.025472
102 CE .00280000000000000000 .00520000000000000000 0.0    -0.025472
103 CE .00280000000000000000 .00600000000000000000 0.0    -0.025472
104 CE .00280000000000000000 .00680000000000000000 0.0    -0.025472
105 CE .00280000000000000000 .00760000000000000000 0.0    -0.025472
106 CE .00280000000000000000 .00840000000000000000 0.0    -0.025472
107 CE .00280000000000000000 .00920000000000000000 0.0    -0.025472
108 CE .00280000000000000000 .01000000000000000000 0.0    -0.025472
109 CE .00280000000000000000 .01080000000000000000 0.0    -0.025472
110 CE .00280000000000000000 .01160000000000000000 0.0    -0.025472
111 CE .00280000000000000000 .01240000000000000000 0.0    -0.025472
112 CE .00280000000000000000 .01320000000000000000 0.0    -0.025472
113 CE .00280000000000000000 .01400000000000000000 0.0    -0.025472
114 CE .00280000000000000000 .01480000000000000000 0.0    -0.025472
115 CE .00280000000000000000 .01560000000000000000 0.0    -0.025472
116 CE .00280000000000000000 .01640000000000000000 0.0    -0.025472
117 CE .00280000000000000000 .01720000000000000000 0.0    -0.025472
118 CE .00280000000000000000 .01800000000000000000 0.0    -0.025472
119 CE .00280000000000000000 .01880000000000000000 0.0    -0.025472
120 CE .00280000000000000000 .01960000000000000000 0.0    -0.025472
121 CE .00280000000000000000 .02040000000000000000 0.0    -0.025472
122 CE .00280000000000000000 .02120000000000000000 0.0    -0.025472
123 CE .00280000000000000000 .02200000000000000000 0.0    -0.025472
124 CE .00280000000000000000 .02280000000000000000 0.0    -0.025472
125 CE .00280000000000000000 .02360000000000000000 0.0    -0.025472
126 CE .00280000000000000000 .02440000000000000000 0.0    -0.025472
127 CE .00280000000000000000 .02520000000000000000 0.0    -0.025472
128 CE .00360000000000000000 .00040000000000000000 0.0    -0.025472
129 CE .00360000000000000000 .00120000000000000000 0.0    -0.025472
130 CE .00360000000000000000 .00200000000000000000 0.0    -0.025472
131 CE .00360000000000000000 .00280000000000000000 0.0    -0.025472
132 CE .00360000000000000000 .00360000000000000000 0.0    -0.025472
133 CE .00360000000000000000 .00440000000000000000 0.0    -0.025472
134 CE .00360000000000000000 .00520000000000000000 0.0    -0.025472
135 CE .00360000000000000000 .00600000000000000000 0.0    -0.025472
136 CE .00360000000000000000 .00680000000000000000 0.0    -0.025472
137 CE .00360000000000000000 .00760000000000000000 0.0    -0.025472
138 CE .00360000000000000000 .00840000000000000000 0.0    -0.025472
139 CE .00360000000000000000 .00920000000000000000 0.0    -0.025472
140 CE .00360000000000000000 .01000000000000000000 0.0    -0.025472
141 CE .00360000000000000000 .01080000000000000000 0.0    -0.025472
142 CE .00360000000000000000 .01160000000000000000 0.0    -0.025472
143 CE .00360000000000000000 .01240000000000000000 0.0    -0.025472
144 CE .00360000000000000000 .01320000000000000000 0.0    -0.025472
145 CE .00360000000000000000 .01400000000000000000 0.0    -0.025472
146 CE .00360000000000000000 .01480000000000000000 0.0    -0.025472
147 CE .00360000000000000000 .01560000000000000000 0.0    -0.025472
148 CE .00360000000000000000 .01640000000000000000 0.0    -0.025472
149 CE .00360000000000000000 .01720000000000000000 0.0    -0.025472
150 CE .00360000000000000000 .01800000000000000000 0.0    -0.025472
151 CE .00360000000000000000 .01880000000000000000 0.0    -0.025472
152 CE .00360000000000000000 .01960000000000000000 0.0    -0.025472
153 CE .00360000000000000000 .02040000000000000000 0.0    -0.025472
154 CE .00360000000000000000 .02120000000000000000 0.0    -0.025472
155 CE .00360000000000000000 .02200000000000000000 0.0    -0.025472
156 CE .00360000000000000000 .02280000000000000000 0.0    -0.025472
157 CE .00360000000000000000 .02360000000000000000 0.0    -0.025472
158 CE .00360000000000000000 .02440000000000000000 0.0    -0.025472
159 CE .00360000000000000000 .02520000000000000000 0.0    -0.025472
160 CE .00440000000000000000 .00040000000000000000 0.0    -0.025472
161 CE .00440000000000000000 .00120000000000000000 0.0    -0.025472
162 CE .00440000000000000000 .00200000000000000000 0.0    -0.025472
163 CE .00440000000000000000 .00280000000000000000 0.0    -0.025472
164 CE .00440000000000000000 .00360000000000000000 0.0    -0.025472
165 CE .00440000000000000000 .00440000000000000000 0.0    -0.025472
166 CE .00440000000000000000 .00520000000000000000 0.0    -0.025472
167 CE .00440000000000000000 .00600000000000000000 0.0    -0.025472
168 CE .00440000000000000000 .00680000000000000000 0.0    -0.025472
169 CE .00440000000000000000 .00760000000000000000 0.0    -0.025472
170 CE .00440000000000000000 .00840000000000000000 0.0    -0.025472
171 CE .00440000000000000000 .00920000000000000000 0.0    -0.025472
172 CE .00440000000000000000 .01000000000000000000 0.0    -0.025472
173 CE .00440000000000000000 .01080000000000000000 0.0    -0.025472
174 CE .00440000000000000000 .01160000000000000000 0.0    -0.025472
175 CE .00440000000000000000 .01240000000000000000 0.0    -0.025472
176 CE .00440000000000000000 .01320000000000000000 0.0    -0.025472
177 CE .00440000000000000000 .01400000000000000000 0.0    -0.025472
178 CE .00440000000000000000 .01480000000000000000 0.0    -0.025472
179 CE .00440000000000000000 .01560000000000000000 0.0    -0.025472
180 CE .00440000000000000000 .01640000000000000000 0.0    -0.025472
181 CE .00440000000000000000 .01720000000000000000 0.0    -0.025472
182 CE .00440000000000000000 .01800000000000000000 0.0    -0.025472
183 CE .00440000000000000000 .01880000000000000000 0.0    -0.025472
184 CE .00440000000000000000 .01960000000000000000 0.0    -0.025472
185 CE .00440000000000000000 .02040000000000000000 0.0    -0.025472
186 CE .00440000000000000000 .02120000000000000000 0.0    -0.025472
187 CE .00440000000000000000 .02200000000000000000 0.0    -0.025472
188 CE .00440000000000000000 .02280000000000000000 0.0    -0.025472
189 CE .00440000000000000000 .02360000000000000000 0.0    -0.025472
190 CE .00440000000000000000 .02440000000000000000 0.0    -0.025472
191 CE .00440000000000000000 .02520000000000000000 0.0    -0.025472
192 CE .00520000000000000000 .00040000000000000000 0.0    -0.025472
193 CE .00520000000000000000 .00120000000000000000 0.0    -0.025472
194 CE .00520000000000000000 .00200000000000000000 0.0    -0.025472
195 CE .00520000000000000000 .00280000000000000000 0.0    -0.025472
196 CE .00520000000000000000 .00360000000000000000 0.0    -0.025472
197 CE .00520000000000000000 .00440000000000000000 0.0    -0.025472
198 CE .00520000000000000000 .00520000000000000000 0.0    -0.025472
199 CE .00520000000000000000 .00600000000000000000 0.0    -0.025472
200 CE .00520000000000000000 .00680000000000000000 0.0    -0.025472
201 CE .00520000000000000000 .00760000000000000000 0.0    -0.025472
202 CE .00520000000000000000 .00840000000000000000 0.0    -0.025472
203 CE .00520000000000000000 .00920000000000000000 0.0    -0.025472
204 CE .00520000000000000000 .01000000000000000000 0.0    -0.025472
205 CE .00520000000000000000 .01080000000000000000 0.0    -0.025472
206 CE .00520000000000000000 .01160000000000000000 0.0    -0.025472
207 CE .00520000000000000000 .01240000000000000000 0.0    -0.025472
208 CE .00520000000000000000 .01320000000000000000 0.0    -0.025472
209 CE .00520000000000000000 .01400000000000000000 0.0    -0.025472
210 CE .00520000000000000000 .01480000000000000000 0.0    -0.025472
211 CE .00520000000000000000 .01560000000000000000 0.0    -0.025472
212 CE .00520000000000000000 .01640000000000000000 0.0    -0.025472
213 CE .00520000000000000000 .01720000000000000000 0.0    -0.025472
214 CE .00520000000000000000 .01800000000000000000 0.0    -0.025472
215 CE .00520000000000000000 .01880000000000000000 0.0    -0.025472
216 CE .00520000000000000000 .01960000000000000000 0.0    -0.025472
217 CE .00520000000000000000 .02040000000000000000 0.0    -0.025472
218 CE .00520000000000000000 .02120000000000000000 0.0    -0.025472
219 CE .00520000000000000000 .02200000000000000000 0.0    -0.025472
220 CE .00520000000000000000 .02280000000000000000 0.0    -0.025472
221 CE .00520000000000000000 .02360000000000000000 0.0    -0.025472
222 CE .00520000000000000000 .02440000000000000000 0.0    -0.025472
223 CE .00520000000000000000 .02520000000000000000 0.0    -0.025472
224 CE .00600000000000000000 .00040000000000000000 0.0    -0.025472
225 CE .00600000000000000000 .00120000000000000000 0.0    -0.025472
226 CE .00600000000000000000 .00200000000000000000 0.0    -0.025472
227 CE .00600000000000000000 .00280000000000000000 0.0    -0.025472
228 CE .00600000000000000000 .00360000000000000000 0.0    -0.025472
229 CE .00600000000000000000 .00440000000000000000 0.0    -0.025472
230 CE .00600000000000000000 .00520000000000000000 0.0    -0.025472
231 CE .00600000000000000000 .00600000000000000000 0.0    -0.025472
232 CE .00600000000000000000 .00680000000000000000 0.0    -0.025472
233 CE .00600000000000000000 .00760000000000000000 0.0    -0.025472
234 CE .00600000000000000000 .00840000000000000000 0.0    -0.025472
235 CE .00600000000000000000 .00920000000000000000 0.0    -0.025472
236 CE .00600000000000000000 .01000000000000000000 0.0    -0.025472
237 CE .00600000000000000000 .01080000000000000000 0.0    -0.025472
238 CE .00600000000000000000 .01160000000000000000 0.0    -0.025472
239 CE .00600000000000000000 .01240000000000000000 0.0    -0.025472
240 CE .00600000000000000000 .01320000000000000000 0.0    -0.025472
241 CE .00600000000000000000 .01400000000000000000 0.0    -0.025472
242 CE .00600000000000000000 .01480000000000000000 0.0    -0.025472
243 CE .00600000000000000000 .01560000000000000000 0.0    -0.025472
244 CE .00600000000000000000 .01640000000000000000 0.0    -0.025472
245 CE .00600000000000000000 .01720000000000000000 0.0    -0.025472
246 CE .00600000000000000000 .01800000000000000000 0.0    -0.025472
247 CE .00600000000000000000 .01880000000000000000 0.0    -0.025472
248 CE .00600000000000000000 .01960000000000000000 0.0    -0.025472
249 CE .00600000000000000000 .02040000000000000000 0.0    -0.025472
250 CE .00600000000000000000 .02120000000000000000 0.0    -0.025472
251 CE .00600000000000000000 .02200000000000000000 0.0    -0.025472
252 CE .00600000000000000000 .02280000000000000000 0.0    -0.025472
253 CE .00600000000000000000 .02360000000000000000 0.0    -0.025472
254 CE .00600000000000000000 .02440000000000000000 0.0    -0.025472
255 CE .00600000000000000000 .02520000000000000000 0.0    -0.025472
256 CE .00680000000000000000 .00040000000000000000 0.0    -0.025472
257 CE .00680000000000000000 .00120000000000000000 0.0    -0.025472
258 CE .00680000000000000000 .00200000000000000000 0.0    -0.025472
259 CE .00680000000000000000 .00280000000000000000 0.0    -0.025472
260 CE .00680000000000000000 .00360000000000000000 0.0    -0.025472
261 CE .00680000000000000000 .00440000000000000000 0.0    -0.025472
262 CE .00680000000000000000 .00520000000000000000 0.0    -0.025472
263 CE .00680000000000000000 .00600000000000000000 0.0    -0.025472
264 CE .00680000000000000000 .00680000000000000000 0.0    -0.025472
265 CE .00680000000000000000 .00760000000000000000 0.0    -0.025472
266 CE .00680000000000000000 .00840000000000000000 0.0    -0.025472
267 CE .00680000000000000000 .00920000000000000000 0.0    -0.025472
268 CE .00680000000000000000 .01000000000000000000 0.0    -0.025472
269 CE .00680000000000000000 .01080000000000000000 0.0    -0.025472
270 CE .00680000000000000000 .01160000000000000000 0.0    -0.025472
271 CE .00680000000000000000 .01240000000000000000 0.0    -0.025472
272 CE .00680000000000000000 .01320000000000000000 0.0    -0.025472
273 CE .00680000000000000000 .01400000000000000000 0.0    -0.025472
274 CE .00680000000000000000 .01480000000000000000 0.0    -0.025472
275 CE .00680000000000000000 .01560000000000000000 0.0    -0.025472
276 CE .00680000000000000000 .01640000000000000000 0.0    -0.025472
277 CE .00680000000000000000 .01720000000000000000 0.0    -0.025472
278 CE .00680000000000000000 .01800000000000000000 0.0    -0.025472
279 CE .00680000000000000000 .01880000000000000000 0.0    -0.025472
280 CE .00680000000000000000 .01960000000000000000 0.0    -0.025472
281 CE .00680000000000000000 .02040000000000000000 0.0    -0.025472
282 CE .00680000000000000000 .02120000000000000000 0.0    -0.025472
283 CE .00680000000000000000 .02200000000000000000 0.0    -0.025472
284 CE .00680000000000000000 .02280000000000000000 0.0    -0.025472
285 CE .00680000000000000000 .02360000000000000000 0.0    -0.025472
286 CE .00680000000000000000 .02440000000000000000 0.0    -0.025472
287 CE .00680000000000000000 .02520000000000000000 0.0    -0.025472
288 CE .00760000000000000000 .00040000000000000000 0.0    -0.025472
289 CE .00760000000000000000 .00120000000000000000 0.0    -0.025472
290 CE .00760000000000000000 .00200000000000000000 0.0    -0.025472
291 CE .00760000000000000000 .00280000000000000000 0.0    -0.025472
292 CE .00760000000000000000 .00360000000000000000 0.0    -0.025472
293 CE .00760000000000000000 .00440000000000000000 0.0    -0.025472
294 CE .00760000000000000000 .00520000000000000000 0.0    -0.025472
295 CE .00760000000000000000 .00600000000000000000 0.0    -0.025472
296 CE .00760000000000000000 .00680000000000000000 0.0    -0.025472
297 CE .00760000000000000000 .00760000000000000000 0.0    -0.025472
298 CE .00760000000000000000 .00840000000000000000 0.0    -0.025472
299 CE .00760000000000000000 .00920000000000000000 0.0    -0.025472
300 CE .00760000000000000000 .01000000000000000000 0.0    -0.025472
301 CE .00760000000000000000 .01080000000000000000 0.0    -0.025472
302 CE .00760000000000000000 .01160000000000000000 0.0    -0.025472
303 CE .00760000000000000000 .01240000000000000000 0.0    -0.025472
304 CE .00760000000000000000 .01320000000000000000 0.0    -0.025472
305 CE .00760000000000000000 .01400000000000000000 0.0    -0.025472
306 CE .00760000000000000000 .01480000000000000000 0.0    -0.025472
307 CE .00760000000000000000 .01560000000000000000 0.0    -0.025472
308 CE .00760000000000000000 .01640000000000000000 0.0    -0.025472
309 CE .00760000000000000000 .01720000000000000000 0.0    -0.025472
310 CE .00760000000000000000 .01800000000000000000 0.0    -0.025472
311 CE .00760000000000000000 .01880000000000000000 0.0    -0.025472
312 CE .00760000000000000000 .01960000000000000000 0.0    -0.025472
313 CE .00760000000000000000 .02040000000000000000 0.0    -0.025472
314 CE .00760000000000000000 .02120000000000000000 0.0    -0.025472
315 CE .00760000000000000000 .02200000000000000000 0.0    -0.025472
316 CE .00760000000000000000 .02280000000000000000 0.0    -0.025472
317 CE .00760000000000000000 .02360000000000000000 0.0    -0.025472
318 CE .00760000000000000000 .02440000000000000000 0.0    -0.025472
319 CE .00760000000000000000 .02520000000000000000 0.0    -0.025472
320 CE .00840000000000000000 .00040000000000000000 0.0    -0.025472
321 CE .00840000000000000000 .00120000000000000000 0.0    -0.025472
322 CE .00840000000000000000 .00200000000000000000 0.0    -0.025472
323 CE .00840000000000000000 .00280000000000000000 0.0    -0.025472
324 CE .00840000000000000000 .00360000000000000000 0.0    -0.025472
325 CE .00840000000000000000 .00440000000000000000 0.0    -0.025472
326 CE .00840000000000000000 .00520000000000000000 0.0    -0.025472
327 CE .00840000000000000000 .00600000000000000000 0.0    -0.025472
328 CE .00840000000000000000 .00680000000000000000 0.0    -0.025472
329 CE .00840000000000000000 .00760000000000000000 0.0    -0.025472
330 CE .00840000000000000000 .00840000000000000000 0.0    -0.025472
331 CE .00840000000000000000 .00920000000000000000 0.0    -0.025472
332 CE .00840000000000000000 .01000000000000000000 0.0    -0.025472
333 CE .00840000000000000000 .01080000000000000000 0.0    -0.025472
334 CE .00840000000000000000 .01160000000000000000 0.0    -0.025472
335 CE .00840000000000000000 .01240000000000000000 0.0    -0.025472
336 CE .00840000000000000000 .01320000000000000000 0.0    -0.025472
337 CE .00840000000000000000 .01400000000000000000 0.0    -0.025472
338 CE .00840000000000000000 .01480000000000000000 0.0    -0.025472
339 CE .00840000000000000000 .01560000000000000000 0.0    -0.025472
340 CE .00840000000000000000 .01640000000000000000 0.0    -0.025472
341 CE .00840000000000000000 .01720000000000000000 0.0    -0.025472
342 CE .00840000000000000000 .01800000000000000000 0.0    -0.025472
343 CE .00840000000000000000 .01880000000000000000 0.0    -0.025472
344 CE .00840000000000000000 .01960000000000000000 0.0    -0.025472
345 CE .00840000000000000000 .02040000000000000000 0.0    -0.025472
346 CE .00840000000000000000 .02120000000000000000 0.0    -0.025472
347 CE .00840000000000000000 .02200000000000000000 0.0    -0.025472
348 CE .00840000000000000000 .02280000000000000000 0.0    -0.025472
349 CE .00840000000000000000 .02360000000000000000 0.0    -0.025472
350 CE .00840000000000000000 .02440000000000000000 0.0    -0.025472
351 CE .00840000000000000000 .02520000000000000000 0.0    -0.025472
352 CE .00920000000000000000 .00040000000000000000 0.0    -0.025472
353 CE .00920000000000000000 .00120000000000000000 0.0    -0.025472
354 CE .00920000000000000000 .00200000000000000000 0.0    -0.025472
355 CE .00920000000000000000 .00280000000000000000 0.0    -0.025472
356 CE .00920000000000000000 .00360000000000000000 0.0    -0.025472
357 CE .00920000000000000000 .00440000000000000000 0.0    -0.025472
358 CE .00920000000000000000 .00520000000000000000 0.0    -0.025472
359 CE .00920000000000000000 .00600000000000000000 0.0    -0.025472
360 CE .00920000000000000000 .00680000000000000000 0.0    -0.025472
361 CE .00920000000000000000 .00760000000000000000 0.0    -0.025472
362 CE .00920000000000000000 .00840000000000000000 0.0    -0.025472
363 CE .00920000000000000000 .00920000000000000000 0.0    -0.025472
364 CE .00920000000000000000 .01000000000000000000 0.0    -0.025472
365 CE .00920000000000000000 .01080000000000000000 0.0    -0.025472
366 CE .00920000000000000000 .01160000000000000000 0.0    -0.025472
367 CE .00920000000000000000 .01240000000000000000 0.0    -0.025472
368 CE .00920000000000000000 .01320000000000000000 0.0    -0.025472
369 CE .00920000000000000000 .01400000000000000000 0.0    -0.025472
370 CE .00920000000000000000 .01480000000000000000 0.0    -0.025472
371 CE .00920000000000000000 .01560000000000000000 0.0    -0.025472
372 CE .00920000000000000000 .01640000000000000000 0.0    -0.025472
373 CE .00920000000000000000 .01720000000000000000 0.0    -0.025472
374 CE .00920000000000000000 .01800000000000000000 0.0    -0.025472
375 CE .00920000000000000000 .01880000000000000000 0.0    -0.025472
376 CE .00920000000000000000 .01960000000000000000 0.0    -0.025472
377 CE .00920000000000000000 .02040000000000000000 0.0    -0.025472
378 CE .00920000000000000000 .02120000000000000000 0.0    -0.025472
379 CE .00920000000000000000 .02200000000000000000 0.0    -0.025472
380 CE .00920000000000000000 .02280000000000000000 0.0    -0.025472
381 CE .00920000000000000000 .02360000000000000000 0.0    -0.025472
382 CE .00920000000000000000 .02440000000000000000 0.0    -0.025472
383 CE .00920000000000000000 .02520000000000000000 0.0    -0.025472
384 CE .01000000000000000000 .00040000000000000000 0.0    -0.025472
385 CE .01000000000000000000 .00120000000000000000 0.0    -0.025472
386 CE .01000000000000000000 .00200000000000000000 0.0    -0.025472
387 CE .01000000000000000000 .00280000000000000000 0.0    -0.025472
388 CE .01000000000000000000 .00360000000000000000 0.0    -0.025472
389 CE .01000000000000000000 .00440000000000000000 0.0    -0.025472
390 CE .01000000000000000000 .00520000000000000000 0.0    -0.025472
391 CE .01000000000000000000 .00600000000000000000 0.0    -0.025472
392 CE .01000000000000000000 .00680000000000000000 0.0    -0.025472
393 CE .01000000000000000000 .00760000000000000000 0.0    -0.025472
394 CE .01000000000000000000 .00840000000000000000 0.0    -0.025472
395 CE .01000000000000000000 .00920000000000000000 0.0    -0.025472
396 CE .01000000000000000000 .01000000000000000000 0.0    -0.025472
397 CE .01000000000000000000 .01080000000000000000 0.0    -0.025472
398 CE .01000000000000000000 .01160000000000000000 0.0    -0.025472
399 CE .01000000000000000000 .01240000000000000000 0.0    -0.025472
400 CE .01000000000000000000 .01320000000000000000 0.0    -0.025472
401 CE .01000000000000000000 .01400000000000000000 0.0    -0.025472
402 CE .01000000000000000000 .01480000000000000000 0.0    -0.025472
403 CE .01000000000000000000 .01560000000000000000 0.0    -0.025472
404 CE .01000000000000000000 .01640000000000000000 0.0    -0.025472
405 CE .01000000000000000000 .01720000000000000000 0.0    -0.025472
406 CE .01000000000000000000 .01800000000000000000 0.0    -0.025472
407 CE .01000000000000000000 .01880000000000000000 0.0    -0.025472
408 CE .01000000000000000000 .01960000000000000000 0.0    -0.025472
409 CE .01000000000000000000 .02040000000000000000 0.0    -0.025472
410 CE .01000000000000000000 .02120000000000000000 0.0    -0.025472
411 CE .01000000000000000000 .02200000000000000000 0.0    -0.025472
412 CE .01000000000000000000 .02280000000000000000 0.0    -0.025472
413 CE .01000000000000000000 .02360000000000000000 0.0    -0.025472
414 CE .01000000000000000000 .02440000000000000000 0.0    -0.025472
415 CE .01000000000000000000 .02520000000000000000 0.0    -0.025472
416 CE .01080000000000000000 .00040000000000000000 0.0    -0.025472
417 CE .01080000000000000000 .00120000000000000000 0.0    -0.025472
418 CE .01080000000000000000 .00200000000000000000 0.0    -0.025472
419 CE .01080000000000000000 .00280000000000000000 0.0    -0.025472
420 CE .01080000000000000000 .00360000000000000000 0.0    -0.025472
421 CE .01080000000000000000 .00440000000000000000 0.0    -0.025472
422 CE .01080000000000000000 .00520000000000000000 0.0    -0.025472
423 CE .01080000000000000000 .00600000000000000000 0.0    -0.025472
424 CE .01080000000000000000 .00680000000000000000 0.0    -0.025472
425 CE .01080000000000000000 .00760000000000000000 0.0    -0.025472
426 CE .01080000000000000000 .00840000000000000000 0.0    -0.025472
427 CE .01080000000000000000 .00920000000000000000 0.0    -0.025472
428 CE .01080000000000000000 .01000000000000000000 0.0    -0.025472
429 CE .01080000000000000000 .01080000000000000000 0.0    -0.025472
430 CE .01080000000000000000 .01160000000000000000 0.0    -0.025472
431 CE .01080000000000000000 .01240000000000000000 0.0    -0.025472
432 CE .01080000000000000000 .01320000000000000000 0.0    -0.025472
433 CE .01080000000000000000 .01400000000000000000 0.0    -0.025472
434 CE .01080000000000000000 .01480000000000000000 0.0    -0.025472
435 CE .01080000000000000000 .01560000000000000000 0.0    -0.025472
436 CE .01080000000000000000 .01640000000000000000 0.0    -0.025472
437 CE .01080000000000000000 .01720000000000000000 0.0    -0.025472
438 CE .01080000000000000000 .01800000000000000000 0.0    -0.025472
439 CE .01080000000000000000 .01880000000000000000 0.0    -0.025472
440 CE .01080000000000000000 .01960000000000000000 0.0    -0.025472
441 CE .01080000000000000000 .02040000000000000000 0.0    -0.025472
442 CE .01080000000000000000 .02120000000000000000 0.0    -0.025472
443 CE .01080000000000000000 .02200000000000000000 0.0    -0.025472
444 CE .01080000000000000000 .02280000000000000000 0.0    -0.025472
445 CE .01080000000000000000 .02360000000000000000 0.0    -0.025472
446 CE .01080000000000000000 .02440000000000000000 0.0    -0.025472
447 CE .01080000000000000000 .02520000000000000000 0.0    -0.025472
448 CE .01160000000000000000 .00040000000000000000 0.0    -0.025472
449 CE .01160000000000000000 .00120000000000000000 0.0    -0.025472
450 CE .01160000000000000000 .00200000000000000000 0.0    -0.025472
451 CE .01160000000000000000 .00280000000000000000 0.0    -0.025472
452 CE .01160000000000000000 .00360000000000000000 0.0    -0.025472
453 CE .01160000000000000000 .00440000000000000000 0.0    -0.025472
454 CE .01160000000000000000 .00520000000000000000 0.0    -0.025472
455 CE .01160000000000000000 .00600000000000000000 0.0    -0.025472
456 CE .01160000000000000000 .00680000000000000000 0.0    -0.025472
457 CE .01160000000000000000 .00760000000000000000 0.0    -0.025472
458 CE .01160000000000000000 .00840000000000000000 0.0    -0.025472
459 CE .01160000000000000000 .00920000000000000000 0.0    -0.025472
460 CE .01160000000000000000 .01000000000000000000 0.0    -0.025472
461 CE .01160000000000000000 .01080000000000000000 0.0    -0.025472
462 CE .01160000000000000000 .01160000000000000000 0.0    -0.025472
463 CE .01160000000000000000 .01240000000000000000 0.0    -0.025472
464 CE .01160000000000000000 .01320000000000000000 0.0    -0.025472
465 CE .01160000000000000000 .01400000000000000000 0.0    -0.025472
466 CE .01160000000000000000 .01480000000000000000 0.0    -0.025472
467 CE .01160000000000000000 .01560000000000000000 0.0    -0.025472
468 CE .01160000000000000000 .01640000000000000000 0.0    -0.025472
469 CE .01160000000000000000 .01720000000000000000 0.0    -0.025472
470 CE .01160000000000000000 .01800000000000000000 0.0    -0.025472
471 CE .01160000000000000000 .01880000000000000000 0.0    -0.025472
472 CE .01160000000000000000 .01960000000000000000 0.0    -0.025472
473 CE .01160000000000000000 .02040000000000000000 0.0    -0.025472
474 CE .01160000000000000000 .02120000000000000000 0.0    -0.025472
475 CE .01160000000000000000 .02200000000000000000 0.0    -0.025472
476 CE .01160000000000000000 .02280000000000000000 0.0    -0.025472
477 CE .01160000000000000000 .02360000000000000000 0.0    -0.025472
478 CE .01160000000000000000 .02440000000000000000 0.0    -0.025472
479 CE .01160000000000000000 .02520000000000000000 0.0    -0.025472
480 CE .01240000000000000000 .00040000000000000000 0.0    -0.025472
481 CE .01240000000000000000 .00120000000000000000 0.0    -0.025472
482 CE .01240000000000000000 .00200000000000000000 0.0    -0.025472
483 CE .01240000000000000000 .00280000000000000000 0.0    -0.025472
484 CE .01240000000000000000 .00360000000000000000 0.0    -0.025472
485 CE .01240000000000000000 .00440000000000000000 0.0    -0.025472
486 CE .01240000000000000000 .00520000000000000000 0.0    -0.025472
487 CE .01240000000000000000 .00600000000000000000 0.0    -0.025472
488 CE .01240000000000000000 .00680000000000000000 0.0    -0.025472
489 CE .01240000000000000000 .00760000000000000000 0.0    -0.025472
490 CE .01240000000000000000 .00840000000000000000 0.0    -0.025472
491 CE .01240000000000000000 .00920000000000000000 0.0    -0.025472
492 CE .01240000000000000000 .01000000000000000000 0.0    -0.025472
493 CE .01240000000000000000 .01080000000000000000 0.0    -0.025472
494 CE .01240000000000000000 .01160000000000000000 0.0    -0.025472
495 CE .01240000000000000000 .01240000000000000000 0.0    -0.025472
496 CE .01240000000000000000 .01320000000000000000 0.0    -0.025472
497 CE .01240000000000000000 .01400000000000000000 0.0    -0.025472
498 CE .01240000000000000000 .01480000000000000000 0.0    -0.025472
499 CE .01240000000000000000 .01560000000000000000 0.0    -0.025472
500 CE .01240000000000000000 .01640000000000000000 0.0    -0.025472
501 CE .01240000000000000000 .01720000000000000000 0.0    -0.025472
502 CE .01240000000000000000 .01800000000000000000 0.0    -0.025472
503 CE .01240000000000000000 .01880000000000000000 0.0    -0.025472
504 CE .01240000000000000000 .01960000000000000000 0.0    -0.025472
505 CE .01240000000000000000 .02040000000000000000 0.0    -0.025472
506 CE .01240000000000000000 .02120000000000000000 0.0    -0.025472
507 CE .01240000000000000000 .02200000000000000000 0.0    -0.025472
508 CE .01240000000000000000 .02280000000000000000 0.0    -0.025472
509 CE .01240000000000000000 .02360000000000000000 0.0    -0.025472
510 CE .01240000000000000000 .02440000000000000000 0.0    -0.025472
511 CE .01240000000000000000 .02520000000000000000 0.0    -0.025472
512 CE .01320000000000000000 .00040000000000000000 0.0    -0.025472
513 CE .01320000000000000000 .00120000000000000000 0.0    -0.025472
514 CE .01320000000000000000 .00200000000000000000 0.0    -0.025472
515 CE .01320000000000000000 .00280000000000000000 0.0    -0.025472
516 CE .01320000000000000000 .00360000000000000000 0.0    -0.025472
517 CE .01320000000000000000 .00440000000000000000 0.0    -0.025472
518 CE .01320000000000000000 .00520000000000000000 0.0    -0.025472
519 CE .01320000000000000000 .00600000000000000000 0.0    -0.025472
520 CE .01320000000000000000 .00680000000000000000 0.0    -0.025472
521 CE .01320000000000000000 .00760000000000000000 0.0    -0.025472
522 CE .01320000000000000000 .00840000000000000000 0.0    -0.025472
523 CE .01320000000000000000 .00920000000000000000 0.0    -0.025472
524 CE .01320000000000000000 .01000000000000000000 0.0    -0.025472
525 CE .01320000000000000000 .01080000000000000000 0.0    -0.025472
526 CE .01320000000000000000 .01160000000000000000 0.0    -0.025472
527 CE .01320000000000000000 .01240000000000000000 0.0    -0.025472
528 CE .01320000000000000000 .01320000000000000000 0.0    -0.025472
529 CE .01320000000000000000 .01400000000000000000 0.0    -0.025472
530 CE .01320000000000000000 .01480000000000000000 0.0    -0.025472
531 CE .01320000000000000000 .01560000000000000000 0.0    -0.025472
532 CE .01320000000000000000 .01640000000000000000 0.0    -0.025472
533 CE .01320000000000000000 .01720000000000000000 0.0    -0.025472
534 CE .01320000000000000000 .01800000000000000000 0.0    -0.025472
535 CE .01320000000000000000 .01880000000000000000 0.0    -0.025472
536 CE .01320000000000000000 .01960000000000000000 0.0    -0.025472
537 CE .01320000000000000000 .02040000000000000000 0.0    -0.025472
538 CE .01320000000000000000 .02120000000000000000 0.0    -0.025472
539 CE .01320000000000000000 .02200000000000000000 0.0    -0.025472
540 CE .01320000000000000000 .02280000000000000000 0.0    -0.025472
541 CE .01320000000000000000 .02360000000000000000 0.0    -0.025472
542 CE .01320000000000000000 .02440000000000000000 0.0    -0.025472
543 CE .01320000000000000000 .02520000000000000000 0.0    -0.025472
544 CE .01400000000000000000 .00040000000000000000 0.0    -0.025472
545 CE .01400000000000000000 .00120000000000000000 0.0    -0.025472
546 CE .01400000000000000000 .00200000000000000000 0.0    -0.025472
547 CE .01400000000000000000 .00280000000000000000 0.0    -0.025472
548 CE .01400000000000000000 .00360000000000000000 0.0    -0.025472
549 CE .01400000000000000000 .00440000000000000000 0.0    -0.025472
550 CE .01400000000000000000 .00520000000000000000 0.0    -0.025472
551 CE .01400000000000000000 .00600000000000000000 0.0    -0.025472
552 CE .01400000000000000000 .00680000000000000000 0.0    -0.025472
553 CE .01400000000000000000 .00760000000000000000 0.0    -0.025472
554 CE .01400000000000000000 .00840000000000000000 0.0    -0.025472
555 CE .01400000000000000000 .00920000000000000000 0.0    -0.025472
556 CE .01400000000000000000 .01000000000000000000 0.0    -0.025472
557 CE .01400000000000000000 .01080000000000000000 0.0    -0.025472
558 CE .01400000000000000000 .01160000000000000000 0.0    -0.025472
559 CE .01400000000000000000 .01240000000000000000 0.0    -0.025472
560 CE .01400000000000000000 .01320000000000000000 0.0    -0.025472
561 CE .01400000000000000000 .01400000000000000000 0.0    -0.025472
562 CE .01400000000000000000 .01480000000000000000 0.0    -0.025472
563 CE .01400000000000000000 .01560000000000000000 0.0    -0.025472
564 CE .01400000000000000000 .01640000000000000000 0.0    -0.025472
565 CE .01400000000000000000 .01720000000000000000 0.0    -0.025472
566 CE .01400000000000000000 .01800000000000000000 0.0    -0.025472
567 CE .01400000000000000000 .01880000000000000000 0.0    -0.025472
568 CE .01400000000000000000 .01960000000000000000 0.0    -0.025472
569 CE .01400000000000000000 .02040000000000000000 0.0    -0.025472
570 CE .01400000000000000000 .02120000000000000000 0.0    -0.025472
571 CE .01400000000000000000 .02200000000000000000 0.0    -0.025472
572 CE .01400000000000000000 .02280000000000000000 0.0    -0.025472
573 CE .01400000000000000000 .02360000000000000000 0.0    -0.025472
574 CE .01400000000000000000 .02440000000000000000 0.0    -0.025472
575 CE .01400000000000000000 .02520000000000000000 0.0    -0.025472
576 CE .01480000000000000000 .00040000000000000000 0.0    -0.025472
577 CE .01480000000000000000 .00120000000000000000 0.0    -0.025472
578 CE .01480000000000000000 .00200000000000000000 0.0    -0.025472
579 CE .01480000000000000000 .00280000000000000000 0.0    -0.025472
580 CE .01480000000000000000 .00360000000000000000 0.0    -0.025472
581 CE .01480000000000000000 .00440000000000000000 0.0    -0.025472
582 CE .01480000000000000000 .00520000000000000000 0.0    -0.025472
583 CE .01480000000000000000 .00600000000000000000 0.0    -0.025472
584 CE .01480000000000000000 .00680000000000000000 0.0    -0.025472
585 CE .01480000000000000000 .00760000000000000000 0.0    -0.025472
586 CE .01480000000000000000 .00840000000000000000 0.0    -0.025472
587 CE .01480000000000000000 .00920000000000000000 0.0    -0.025472
588 CE .01480000000000000000 .01000000000000000000 0.0    -0.025472
589 CE .01480000000000000000 .01080000000000000000 0.0    -0.025472
590 CE .01480000000000000000 .01160000000000000000 0.0    -0.025472
591 CE .01480000000000000000 .01240000000000000000 0.0    -0.025472
592 CE .01480000000000000000 .01320000000000000000 0.0    -0.025472
593 CE .01480000000000000000 .01400000000000000000 0.0    -0.025472
594 CE .01480000000000000000 .01480000000000000000 0.0    -0.025472
595 CE .01480000000000000000 .01560000000000000000 0.0    -0.025472
596 CE .01480000000000000000 .01640000000000000000 0.0    -0.025472
597 CE .01480000000000000000 .01720000000000000000 0.0    -0.025472
598 CE .01480000000000000000 .01800000000000000000 0.0    -0.025472
599 CE .01480000000000000000 .01880000000000000000 0.0    -0.025472
600 CE .01480000000000000000 .01960000000000000000 0.0    -0.025472
601 CE .01480000000000000000 .02040000000000000000 0.0    -0.025472
602 CE .01480000000000000000 .02120000000000000000 0.0    -0.025472
603 CE .01480000000000000000 .02200000000000000000 0.0    -0.025472
604 CE .01480000000000000000 .02280000000000000000 0.0    -0.025472
605 CE .01480000000000000000 .02360000000000000000 0.0    -0.025472
606 CE .01480000000000000000 .02440000000000000000 0.0    -0.025472
607 CE .01480000000000000000 .02520000000000000000 0.0    -0.025472
608 CE .01560000000000000000 .00040000000000000000 0.0    -0.025472
609 CE .01560000000000000000 .00120000000000000000 0.0    -0.025472
610 CE .01560000000000000000 .00200000000000000000 0.0    -0.025472
611 CE .01560000000000000000 .00280000000000000000 0.0    -0.025472
612 CE .01560000000000000000 .00360000000000000000 0.0    -0.025472
613 CE .01560000000000000000 .00440000000000000000 0.0    -0.025472
614 CE .01560000000000000000 .00520000000000000000 0.0    -0.025472
615 CE .01560000000000000000 .00600000000000000000 0.0    -0.025472
616 CE .01560000000000000000 .00680000000000000000 0.0    -0.025472
617 CE .01560000000000000000 .00760000000000000000 0.0    -0.025472
618 CE .01560000000000000000 .00840000000000000000 0.0    -0.025472
619 CE .01560000000000000000 .00920000000000000000 0.0    -0.025472
620 CE .01560000000000000000 .01000000000000000000 0.0    -0.025472
621 CE .01560000000000000000 .01080000000000000000 0.0    -0.025472
622 CE .01560000000000000000 .01160000000000000000 0.0    -0.025472
623 CE .01560000000000000000 .01240000000000000000 0.0    -0.025472
624 CE .01560000000000000000 .01320000000000000000 0.0    -0.025472
625 CE .01560000000000000000 .01400000000000000000 0.0    -0.025472
626 CE .01560000000000000000 .01480000000000000000 0.0    -0.025472
627 CE .01560000000000000000 .01560000000000000000 0.0    -0.025472
628 CE .01560000000000000000 .01640000000000000000 0.0    -0.025472
629 CE .01560000000000000000 .01720000000000000000 0.0    -0.025472
630 CE .01560000000000000000 .01800000000000000000 0.0    -0.025472
631 CE .01560000000000000000 .01880000000000000000 0.0    -0.025472
632 CE .01560000000000000000 .01960000000000000000 0.0    -0.025472
633 CE .01560000000000000000 .02040000000000000000 0.0    -0.025472
634 CE .01560000000000000000 .02120000000000000000 0.0    -0.025472
635 CE .01560000000000000000 .02200000000000000000 0.0    -0.025472
636 CE .01560000000000000000 .02280000000000000000 0.0    -0.025472
637 CE .01560000000000000000 .02360000000000000000 0.0    -0.025472
638 CE .01560000000000000000 .02440000000000000000 0.0    -0.025472
639 CE .01560000000000000000 .02520000000000000000 0.0    -0.025472
640 CE .01640000000000000000 .00040000000000000000 0.0    -0.025472
641 CE .01640000000000000000 .00120000000000000000 0.0    -0.025472
642 CE .01640000000000000000 .00200000000000000000 0.0    -0.025472
643 CE .01640000000000000000 .00280000000000000000 0.0    -0.025472
644 CE .01640000000000000000 .00360000000000000000 0.0    -0.025472
645 CE .01640000000000000000 .00440000000000000000 0.0    -0.025472
646 CE .01640000000000000000 .00520000000000000000 0.0    -0.025472
647 CE .01640000000000000000 .00600000000000000000 0.0    -0.025472
648 CE .01640000000000000000 .00680000000000000000 0.0    -0.025472
649 CE .01640000000000000000 .00760000000000000000 0.0    -0.025472
650 CE .01640000000000000000 .00840000000000000000 0.0    -0.025472
651 CE .01640000000000000000 .00920000000000000000 0.0    -0.025472
652 CE .01640000000000000000 .01000000000000000000 0.0    -0.025472
653 CE .01640000000000000000 .01080000000000000000 0.0    -0.025472
654 CE .01640000000000000000 .01160000000000000000 0.0    -0.025472
655 CE .01640000000000000000 .01240000000000000000 0.0    -0.025472
656 CE .01640000000000000000 .01320000000000000000 0.0    -0.025472
657 CE .01640000000000000000 .01400000000000000000 0.0    -0.025472
658 CE .01640000000000000000 .01480000000000000000 0.0    -0.025472
659 CE .01640000000000000000 .01560000000000000000 0.0    -0.025472
660 CE .01640000000000000000 .01640000000000000000 0.0    -0.025472
661 CE .01640000000000000000 .01720000000000000000 0.0    -0.025472
662 CE .01640000000000000000 .01800000000000000000 0.0    -0.025472
663 CE .01640000000000000000 .01880000000000000000 0.0    -0.025472
664 CE .01640000000000000000 .01960000000000000000 0.0    -0.025472
665 CE .01640000000000000000 .02040000000000000000 0.0    -0.025472
666 CE .01640000000000000000 .02120000000000000000 0.0    -0.025472
667 CE .01640000000000000000 .02200000000000000000 0.0    -0.025472
668 CE .01640000000000000000 .02280000000000000000 0.0    -0.025472
669 CE .01640000000000000000 .02360000000000000000 0.0    -0.025472
670 CE .01640000000000000000 .02440000000000000000 0.0    -0.025472
671 CE .01640000000000000000 .02520000000000000000 0.0    -0.025472
672 CE .01720000000000000000 .00040000000000000000 0.0    -0.025472
673 CE .01720000000000000000 .00120000000000000000 0.0    -0.025472
674 CE .01720000000000000000 .00200000000000000000 0.0    -0.025472
675 CE .01720000000000000000 .00280000000000000000 0.0    -0.025472
676 CE .01720000000000000000 .00360000000000000000 0.0    -0.025472
677 CE .01720000000000000000 .00440000000000000000 0.0    -0.025472
678 CE .01720000000000000000 .00520000000000000000 0.0    -0.025472
679 CE .01720000000000000000 .00600000000000000000 0.0    -0.025472
680 CE .01720000000000000000 .00680000000000000000 0.0    -0.025472
681 CE .01720000000000000000 .00760000000000000000 0.0    -0.025472
682 CE .01720000000000000000 .00840000000000000000 0.0    -0.025472
683 CE .01720000000000000000 .00920000000000000000 0.0    -0.025472
684 CE .01720000000000000000 .01000000000000000000 0.0    -0.025472
685 CE .01720000000000000000 .01080000000000000000 0.0    -0.025472
686 CE .01720000000000000000 .01160000000000000000 0.0    -0.025472
687 CE .01720000000000000000 .01240000000000000000 0.0    -0.025472
688 CE .01720000000000000000 .01320000000000000000 0.0    -0.025472
689 CE .01720000000000000000 .01400000000000000000 0.0    -0.025472
690 CE .01720000000000000000 .01480000000000000000 0.0    -0.025472
691 CE .01720000000000000000 .01560000000000000000 0.0    -0.025472
692 CE .01720000000000000000 .01640000000000000000 0.0    -0.025472
693 CE .01720000000000000000 .01720000000000000000 0.0    -0.025472
694 CE .01720000000000000000 .01800000000000000000 0.0    -0.025472
695 CE .01720000000000000000 .01880000000000000000 0.0    -0.025472
696 CE .01720000000000000000 .01960000000000000000 0.0    -0.025472
697 CE .01720000000000000000 .02040000000000000000 0.0    -0.025472
698 CE .01720000000000000000 .02120000000000000000 0.0    -0.025472
699 CE .01720000000000000000 .02200000000000000000 0.0    -0.025472
700 CE .01720000000000000000 .02280000000000000000 0.0    -0.025472
701 CE .01720000000000000000 .02360000000000000000 0.0    -0.025472
702 CE .01720000000000000000 .02440000000000000000 0.0    -0.025472
703 CE .01720000000000000000 .02520000000000000000 0.0    -0.025472
704 CE .01800000000000000000 .00040000000000000000 0.0    -0.025472
705 CE .01800000000000000000 .00120000000000000000 0.0    -0.025472
706 CE .01800000000000000000 .00200000000000000000 0.0    -0.025472
707 CE .01800000000000000000 .00280000000000000000 0.0    -0.025472
708 CE .01800000000000000000 .00360000000000000000 0.0    -0.025472
709 CE .01800000000000000000 .00440000000000000000 0.0    -0.025472
710 CE .01800000000000000000 .00520000000000000000 0.0    -0.025472
711 CE .01800000000000000000 .00600000000000000000 0.0    -0.025472
712 CE .01800000000000000000 .00680000000000000000 0.0    -0.025472
713 CE .01800000000000000000 .00760000000000000000 0.0    -0.025472
714 CE .01800000000000000000 .00840000000000000000 0.0    -0.025472
715 CE .01800000000000000000 .00920000000000000000 0.0    -0.025472
716 CE .01800000000000000000 .01000000000000000000 0.0    -0.025472
717 CE .01800000000000000000 .01080000000000000000 0.0    -0.025472
718 CE .01800000000000000000 .01160000000000000000 0.0    -0.025472
719 CE .01800000000000000000 .01240000000000000000 0.0    -0.025472
720 CE .01800000000000000000 .01320000000000000000 0.0    -0.025472
721 CE .01800000000000000000 .01400000000000000000 0.0    -0.025472
722 CE .01800000000000000000 .01480000000000000000 0.0    -0.025472
723 CE .01800000000000000000 .01560000000000000000 0.0    -0.025472
724 CE .01800000000000000000 .01640000000000000000 0.0    -0.025472
725 CE .01800000000000000000 .01720000000000000000 0.0    -0.025472
726 CE .01800000000000000000 .01800000000000000000 0.0    -0.025472
727 CE .01800000000000000000 .01880000000000000000 0.0    -0.025472
728 CE .01800000000000000000 .01960000000000000000 0.0    -0.025472
729 CE .01800000000000000000 .02040000000000000000 0.0    -0.025472
730 CE .01800000000000000000 .02120000000000000000 0.0    -0.025472
731 CE .01800000000000000000 .02200000000000000000 0.0    -0.025472
732 CE .01800000000000000000 .02280000000000000000 0.0    -0.025472
733 CE .01800000000000000000 .02360000000000000000 0.0    -0.025472
734 CE .01800000000000000000 .02440000000000000000 0.0    -0.025472
735 CE .01800000000000000000 .02520000000000000000 0.0    -0.025472
736 CE .01880000000000000000 .00040000000000000000 0.0    -0.025472
737 CE .01880000000000000000 .00120000000000000000 0.0    -0.025472
738 CE .01880000000000000000 .00200000000000000000 0.0    -0.025472
739 CE .01880000000000000000 .00280000000000000000 0.0    -0.025472
740 CE .01880000000000000000 .00360000000000000000 0.0    -0.025472
741 CE .01880000000000000000 .00440000000000000000 0.0    -0.025472
742 CE .01880000000000000000 .00520000000000000000 0.0    -0.025472
743 CE .01880000000000000000 .00600000000000000000 0.0    -0.025472
744 CE .01880000000000000000 .00680000000000000000 0.0    -0.025472
745 CE .01880000000000000000 .00760000000000000000 0.0    -0.025472
746 CE .01880000000000000000 .00840000000000000000 0.0    -0.025472
747 CE .01880000000000000000 .00920000000000000000 0.0    -0.025472
748 CE .01880000000000000000 .01000000000000000000 0.0    -0.025472
749 CE .01880000000000000000 .01080000000000000000 0.0    -0.025472
750 CE .01880000000000000000 .01160000000000000000 0.0    -0.025472
751 CE .01880000000000000000 .01240000000000000000 0.0    -0.025472
752 CE .01880000000000000000 .01320000000000000000 0.0    -0.025472
753 CE .01880000000000000000 .01400000000000000000 0.0    -0.025472
754 CE .01880000000000000000 .01480000000000000000 0.0    -0.025472
755 CE .01880000000000000000 .01560000000000000000 0.0    -0.025472
756 CE .01880000000000000000 .01640000000000000000 0.0    -0.025472
757 CE .01880000000000000000 .01720000000000000000 0.0    -0.025472
758 CE .01880000000000000000 .01800000000000000000 0.0    -0.025472
759 CE .01880000000000000000 .01880000000000000000 0.0    -0.025472
760 CE .01880000000000000000 .01960000000000000000 0.0    -0.025472
761 CE .01880000000000000000 .02040000000000000000 0.0    -0.025472
762 CE .01880000000000000000 .02120000000000000000 0.0    -0.025472
763 CE .01880000000000000000 .02200000000000000000 0.0    -0.025472
764 CE .01880000000000000000 .02280000000000000000 0.0    -0.025472
765 CE .01880000000000000000 .02360000000000000000 0.0    -0.025472
766 CE .01880000000000000000 .02440000000000000000 0.0    -0.025472
767 CE .01880000000000000000 .02520000000000000000 0.0    -0.025472
768 CE .01960000000000000000 .00040000000000000000 0.0    -0.025472
769 CE .01960000000000000000 .00120000000000000000 0.0    -0.025472
770 CE .01960000000000000000 .00200000000000000000 0.0    -0.025472
771 CE .01960000000000000000 .00280000000000000000 0.0    -0.025472
772 CE .01960000000000000000 .00360000000000000000 0.0    -0.025472
773 CE .01960000000000000000 .00440000000000000000 0.0    -0.025472
774 CE .01960000000000000000 .00520000000000000000 0.0    -0.025472
775 CE .01960000000000000000 .00600000000000000000 0.0    -0.025472
776 CE .01960000000000000000 .00680000000000000000 0.0    -0.025472
777 CE .01960000000000000000 .00760000000000000000 0.0    -0.025472
778 CE .01960000000000000000 .00840000000000000000 0.0    -0.025472
779 CE .01960000000000000000 .00920000000000000000 0.0    -0.025472
780 CE .01960000000000000000 .01000000000000000000 0.0    -0.025472
781 CE .01960000000000000000 .01080000000000000000 0.0    -0.025472
782 CE .01960000000000000000 .01160000000000000000 0.0    -0.025472
783 CE .01960000000000000000 .01240000000000000000 0.0    -0.025472
784 CE .01960000000000000000 .01320000000000000000 0.0    -0.025472
785 CE .01960000000000000000 .01400000000000000000 0.0    -0.025472
786 CE .01960000000000000000 .01480000000000000000 0.0    -0.025472
787 CE .01960000000000000000 .01560000000000000000 0.0    -0.025472
788 CE .01960000000000000000 .01640000000000000000 0.0    -0.025472
789 CE .01960000000000000000 .01720000000000000000 0.0    -0.025472
790 CE .01960000000000000000 .01800000000000000000 0.0    -0.025472
791 CE .01960000000000000000 .01880000000000000000 0.0    -0.025472
792 CE .01960000000000000000 .01960000000000000000 0.0    -0.025472
793 CE .01960000000000000000 .02040000000000000000 0.0    -0.025472
794 CE .01960000000000000000 .02120000000000000000 0.0    -0.025472
795 CE .01960000000000000000 .02200000000000000000 0.0    -0.025472
796 CE .01960000000000000000 .02280000000000000000 0.0    -0.025472
797 CE .01960000000000000000 .02360000000000000000 0.0    -0.025472
798 CE .01960000000000000000 .02440000000000000000 0.0    -0.025472
799 CE .01960000000000000000 .02520000000000000000 0.0    -0.025472
800 CE .02040000000000000000 .00040000000000000000 0.0    -0.025472
801 CE .02040000000000000000 .00120000000000000000 0.0    -0.025472
802 CE .02040000000000000000 .00200000000000000000 0.0    -0.025472
803 CE .02040000000000000000 .00280000000000000000 0.0    -0.025472
804 CE .02040000000000000000 .00360000000000000000 0.0    -0.025472
805 CE .02040000000000000000 .00440000000000000000 0.0    -0.025472
806 CE .02040000000000000000 .00520000000000000000 0.0    -0.025472
807 CE .02040000000000000000 .00600000000000000000 0.0    -0.025472
808 CE .02040000000000000000 .00680000000000000000 0.0    -0.025472
809 CE .02040000000000000000 .00760000000000000000 0.0    -0.025472
810 CE .02040000000000000000 .00840000000000000000 0.0    -0.025472
811 CE .02040000000000000000 .00920000000000000000 0.0    -0.025472
812 CE .02040000000000000000 .01000000000000000000 0.0    -0.025472
813 CE .02040000000000000000 .01080000000000000000 0.0    -0.025472
814 CE .02040000000000000000 .01160000000000000000 0.0    -0.025472
815 CE .02040000000000000000 .01240000000000000000 0.0    -0.025472
816 CE .02040000000000000000 .01320000000000000000 0.0    -0.025472
817 CE .02040000000000000000 .01400000000000000000 0.0    -0.025472
818 CE .02040000000000000000 .01480000000000000000 0.0    -0.025472
819 CE .02040000000000000000 .01560000000000000000 0.0    -0.025472
820 CE .02040000000000000000 .01640000000000000000 0.0    -0.025472
821 CE .02040000000000000000 .01720000000000000000 0.0    -0.025472
822 CE .02040000000000000000 .01800000000000000000 0.0    -0.025472
823 CE .02040000000000000000 .01880000000000000000 0.0    -0.025472
824 CE .02040000000000000000 .01960000000000000000 0.0    -0.025472
825 CE .02040000000000000000 .02040000000000000000 0.0    -0.025472
826 CE .02040000000000000000 .02120000000000000000 0.0    -0.025472
827 CE .02040000000000000000 .02200000000000000000 0.0    -0.025472
828 CE .02040000000000000000 .02280000000000000000 0.0    -0.025472
829 CE .02040000000000000000 .02360000000000000000 0.0    -0.025472
830 CE .02040000000000000000 .02440000000000000000 0.0    -0.025472
831 CE .02040000000000000000 .02520000000000000000 0.0    -0.025472
832 CE .02120000000000000000 .00040000000000000000 0.0    -0.025472
833 CE .02120000000000000000 .00120000000000000000 0.0    -0.025472
834 CE .02120000000000000000 .00200000000000000000 0.0    -0.025472
835 CE .02120000000000000000 .00280000000000000000 0.0    -0.025472
836 CE .02120000000000000000 .00360000000000000000 0.0    -0.025472
837 CE .02120000000000000000 .00440000000000000000 0.0    -0.025472
838 CE .02120000000000000000 .00520000000000000000 0.0    -0.025472
839 CE .02120000000000000000 .00600000000000000000 0.0    -0.025472
840 CE .02120000000000000000 .00680000000000000000 0.0    -0.025472
841 CE .02120000000000000000 .00760000000000000000 0.0    -0.025472
842 CE .02120000000000000000 .00840000000000000000 0.0    -0.025472
843 CE .02120000000000000000 .00920000000000000000 0.0    -0.025472
844 CE .02120000000000000000 .01000000000000000000 0.0    -0.025472
845 CE .02120000000000000000 .01080000000000000000 0.0    -0.025472
846 CE .02120000000000000000 .01160000000000000000 0.0    -0.025472
847 CE .02120000000000000000 .01240000000000000000 0.0    -0.025472
848 CE .02120000000000000000 .01320000000000000000 0.0    -0.025472
849 CE .02120000000000000000 .01400000000000000000 0.0    -0.025472
850 CE .02120000000000000000 .01480000000000000000 0.0    -0.025472
851 CE .02120000000000000000 .01560000000000000000 0.0    -0.025472
852 CE .02120000000000000000 .01640000000000000000 0.0    -0.025472
853 CE .02120000000000000000 .01720000000000000000 0.0    -0.025472
854 CE .02120000000000000000 .01800000000000000000 0.0    -0.025472
855 CE .02120000000000000000 .01880000000000000000 0.0    -0.025472
856 CE .02120000000000000000 .01960000000000000000 0.0    -0.025472
857 CE .02120000000000000000 .02040000000000000000 0.0    -0.025472
858 CE .02120000000000000000 .02120000000000000000 0.0    -0.025472
859 CE .02120000000000000000 .02200000000000000000 0.0    -0.025472
860 CE .02120000000000000000 .02280000000000000000 0.0    -0.025472
861 CE .02120000000000000000 .02360000000000000000 0.0    -0.025472
862 CE .02120000000000000000 .02440000000000000000 0.0    -0.025472
863 CE .02120000000000000000 .02520000000000000000 0.0    -0.025472
864 CE .02200000000000000000 .00040000000000000000 0.0    -0.025472
865 CE .02200000000000000000 .00120000000000000000 0.0    -0.025472
866 CE .02200000000000000000 .00200000000000000000 0.0    -0.025472
867 CE .02200000000000000000 .00280000000000000000 0.0    -0.025472
868 CE .02200000000000000000 .00360000000000000000 0.0    -0.025472
869 CE .02200000000000000000 .00440000000000000000 0.0    -0.025472
870 CE .02200000000000000000 .00520000000000000000 0.0    -0.025472
871 CE .02200000000000000000 .00600000000000000000 0.0    -0.025472
872 CE .02200000000000000000 .00680000000000000000 0.0    -0.025472
873 CE .02200000000000000000 .00760000000000000000 0.0    -0.025472
874 CE .02200000000000000000 .00840000000000000000 0.0    -0.025472
875 CE .02200000000000000000 .00920000000000000000 0.0    -0.025472
876 CE .02200000000000000000 .01000000000000000000 0.0    -0.025472
877 CE .02200000000000000000 .01080000000000000000 0.0    -0.025472
878 CE .02200000000000000000 .01160000000000000000 0.0    -0.025472
879 CE .02200000000000000000 .01240000000000000000 0.0    -0.025472
880 CE .02200000000000000000 .01320000000000000000 0.0    -0.025472
881 CE .02200000000000000000 .01400000000000000000 0.0    -0.025472
882 CE .02200000000000000000 .01480000000000000000 0.0    -0.025472
883 CE .02200000000000000000 .01560000000000000000 0.0    -0.025472
884 CE .02200000000000000000 .01640000000000000000 0.0    -0.025472
885 CE .02200000000000000000 .01720000000000000000 0.0    -0.025472
886 CE .02200000000000000000 .01800000000000000000 0.0    -0.025472
887 CE .02200000000000000000 .01880000000000000000 0.0    -0.025472
888 CE .02200000000000000000 .01960000000000000000 0.0    -0.025472
889 CE .02200000000000000000 .02040000000000000000 0.0    -0.025472
890 CE .02200000000000000000 .02120000000000000000 0.0    -0.025472
891 CE .02200000000000000000 .02200000000000000000 0.0    -0.025472
892 CE .02200000000000000000 .02280000000000000000 0.0    -0.025472
893 CE .02200000000000000000 .02360000000000000000 0.0    -0.025472
894 CE .02200000000000000000 .02440000000000000000 0.0    -0.025472
895 CE .02200000000000000000 .02520000000000000000 0.0    -0.025472
896 CE .02280000000000000000 .00040000000000000000 0.0    -0.025472
897 CE .02280000000000000000 .00120000000000000000 0.0    -0.025472
898 CE .02280000000000000000 .00200000000000000000 0.0    -0.025472
899 CE .02280000000000000000 .00280000000000000000 0.0    -0.025472
900 CE .02280000000000000000 .00360000000000000000 0.0    -0.025472
901 CE .02280000000000000000 .00440000000000000000 0.0    -0.025472
902 CE .02280000000000000000 .00520000000000000000 0.0    -0.025472
903 CE .02280000000000000000 .00600000000000000000 0.0    -0.025472
904 CE .02280000000000000000 .00680000000000000000 0.0    -0.025472
905 CE .02280000000000000000 .00760000000000000000 0.0    -0.025472
906 CE .02280000000000000000 .00840000000000000000 0.0    -0.025472
907 CE .02280000000000000000 .00920000000000000000 0.0    -0.025472
908 CE .02280000000000000000 .01000000000000000000 0.0    -0.025472
909 CE .02280000000000000000 .01080000000000000000 0.0    -0.025472
910 CE .02280000000000000000 .01160000000000000000 0.0    -0.025472
911 CE .02280000000000000000 .01240000000000000000 0.0    -0.025472
912 CE .02280000000000000000 .01320000000000000000 0.0    -0.025472
913 CE .02280000000000000000 .01400000000000000000 0.0    -0.025472
914 CE .02280000000000000000 .01480000000000000000 0.0    -0.025472
915 CE .02280000000000000000 .01560000000000000000 0.0    -0.025472
916 CE .02280000000000000000 .01640000000000000000 0.0    -0.025472
917 CE .02280000000000000000 .01720000000000000000 0.0    -0.025472
918 CE .02280000000000000000 .01800000000000000000 0.0    -0.025472
919 CE .02280000000000000000 .01880000000000000000 0.0    -0.025472
920 CE .02280000000000000000 .01960000000000000000 0.0    -0.025472
921 CE .02280000000000000000 .02040000000000000000 0.0    -0.025472
922 CE .02280000000000000000 .02120000000000000000 0.0    -0.025472
923 CE .02280000000000000000 .02200000000000000000 0.0    -0.025472
924 CE .02280000000000000000 .02280000000000000000 0.0    -0.025472
925 CE .02280000000000000000 .02360000000000000000 0.0    -0.025472
926 CE .02280000000000000000 .02440000000000000000 0.0    -0.025472
927 CE .02280000000000000000 .02520000000000000000 0.0    -0.025472
928 CE .02360000000000000000 .00040000000000000000 0.0    -0.025472
929 CE .02360000000000000000 .00120000000000000000 0.0    -0.025472
930 CE .02360000000000000000 .00200000000000000000 0.0    -0.025472
931 CE .02360000000000000000 .00280000000000000000 0.0    -0.025472
932 CE .02360000000000000000 .00360000000000000000 0.0    -0.025472
933 CE .02360000000000000000 .00440000000000000000 0.0    -0.025472
934 CE .02360000000000000000 .00520000000000000000 0.0    -0.025472
935 CE .02360000000000000000 .00600000000000000000 0.0    -0.025472
936 CE .02360000000000000000 .00680000000000000000 0.0    -0.025472
937 CE .02360000000000000000 .00760000000000000000 0.0    -0.025472
938 CE .02360000000000000000 .00840000000000000000 0.0    -0.025472
939 CE .02360000000000000000 .00920000000000000000 0.0    -0.025472
940 CE .02360000000000000000 .01000000000000000000 0.0    -0.025472
941 CE .02360000000000000000 .01080000000000000000 0.0    -0.025472
942 CE .02360000000000000000 .01160000000000000000 0.0    -0.025472
943 CE .02360000000000000000 .01240000000000000000 0.0    -0.025472
944 CE .02360000000000000000 .01320000000000000000 0.0    -0.025472
945 CE .02360000000000000000 .01400000000000000000 0.0    -0.025472
946 CE .02360000000000000000 .01480000000000000000 0.0    -0.025472
947 CE .02360000000000000000 .01560000000000000000 0.0    -0.025472
948 CE .02360000000000000000 .01640000000000000000 0.0    -0.025472
949 CE .02360000000000000000 .01720000000000000000 0.0    -0.025472
950 CE .02360000000000000000 .01800000000000000000 0.0    -0.025472
951 CE .02360000000000000000 .01880000000000000000 0.0    -0.025472
952 CE .02360000000000000000 .01960000000000000000 0.0    -0.025472
953 CE .02360000000000000000 .02040000000000000000 0.0    -0.025472
954 CE .02360000000000000000 .02120000000000000000 0.0    -0.025472
955 CE .02360000000000000000 .02200000000000000000 0.0    -0.025472
956 CE .02360000000000000000 .02280000000000000000 0.0    -0.025472
957 CE .02360000000000000000 .02360000000000000000 0.0    -0.025472
958 CE .02360000000000000000 .02440000000000000000 0.0    -0.025472
959 CE .02360000000000000000 .02520000000000000000 0.0    -0.025472
960 CE .02440000000000000000 .00040000000000000000 0.0    -0.025472
961 CE .02440000000000000000 .00120000000000000000 0.0    -0.025472
962 CE .02440000000000000000 .00200000000000000000 0.0    -0.025472
963 CE .02440000000000000000 .00280000000000000000 0.0    -0.025472
964 CE .02440000000000000000 .00360000000000000000 0.0    -0.025472
965 CE .02440000000000000000 .00440000000000000000 0.0    -0.025472
966 CE .02440000000000000000 .00520000000000000000 0.0    -0.025472
967 CE .02440000000000000000 .00600000000000000000 0.0    -0.025472
968 CE .02440000000000000000 .00680000000000000000 0.0    -0.025472
969 CE .02440000000000000000 .00760000000000000000 0.0    -0.025472
970 CE .02440000000000000000 .00840000000000000000 0.0    -0.025472
971 CE .02440000000000000000 .00920000000000000000 0.0    -0.025472
972 CE .02440000000000000000 .01000000000000000000 0.0    -0.025472
973 CE .02440000000000000000 .01080000000000000000 0.0    -0.025472
974 CE .02440000000000000000 .01160000000000000000 0.0    -0.025472
975 CE .02440000000000000000 .01240000000000000000 0.0    -0.025472
976 CE .02440000000000000000 .01320000000000000000 0.0    -0.025472
977 CE .02440000000000000000 .01400000000000000000 0.0    -0.025472
978 CE .02440000000000000000 .01480000000000000000 0.0    -0.025472
979 CE .02440000000000000000 .01560000000000000000 0.0    -0.025472
980 CE .02440000000000000000 .01640000000000000000 0.0    -0.025472
981 CE .02440000000000000000 .01720000000000000000 0.0    -0.025472
982 CE .02440000000000000000 .01800000000000000000 0.0    -0.025472
983 CE .02440000000000000000 .01880000000000000000 0.0    -0.025472
984 CE .02440000000000000000 .01960000000000000000 0.0    -0.025472
985 CE .02440000000000000000 .02040000000000000000 0.0    -0.025472
986 CE .02440000000000000000 .02120000000000000000 0.0    -0.025472
987 CE .02440000000000000000 .02200000000000000000 0.0    -0.025472
988 CE .02440000000000000000 .02280000000000000000 0.0    -0.025472
989 CE .02440000000000000000 .02360000000000000000 0.0    -0.025472
990 CE .02440000000000000000 .02440000000000000000 0.0    -0.025472
991 CE .02440000000000000000 .02520000000000000000 0.0    -0.025472
992 CE .02520000000000000000 .00040000000000000000 0.0    -0.025472
993 CE .02520000000000000000 .00120000000000000000 0.0    -0.025472
994 CE .02520000000000000000 .00200000000000000000 0.0    -0.025472
995 CE .02520000000000000000 .00280000000000000000 0.0    -0.025472
996 CE .02520000000000000000 .00360000000000000000 0.0    -0.025472
997 CE .02520000000000000000 .00440000000000000000 0.0    -0.025472
998 CE .02520000000000000000 .00520000000000000000 0.0    -0.025472
999 CE .02520000000000000000 .00600000000000000000 0.0    -0.025472
1000 CE .02520000000000000000 .00680000000000000000 0.0    -0.025472
1001 CE .02520000000000000000 .00760000000000000000 0.0    -0.025472
1002 CE .02520000000000000000 .00840000000000000000 0.0    -0.025472
1003 CE .02520000000000000000 .00920000000000000000 0.0    -0.025472
1004 CE .02520000000000000000 .01000000000000000000 0.0    -0.025472
1005 CE .02520000000000000000 .01080000000000000000 0.0    -0.025472
1006 CE .02520000000000000000 .01160000000000000000 0.0    -0.025472
1007 CE .02520000000000000000 .01240000000000000000 0.0    -0.025472
1008 CE .02520000000000000000 .01320000000000000000 0.0    -0.025472
1009 CE .02520000000000000000 .01400000000000000000 0.0    -0.025472
1010 CE .02520000000000000000 .01480000000000000000 0.0    -0.025472
1011 CE .02520000000000000000 .01560000000000000000 0.0    -0.025472
1012 CE .02520000000000000000 .01640000000000000000 0.0    -0.025472
1013 CE .02520000000000000000 .01720000000000000000 0.0    -0.025472
1014 CE .02520000000000000000 .01800000000000000000 0.0    -0.025472
1015 CE .02520000000000000000 .01880000000000000000 0.0    -0.025472
1016 CE .02520000000000000000 .01960000000000000000 0.0    -0.025472
1017 CE .02520000000000000000 .02040000000000000000 0.0    -0.025472
1018 CE .02520000000000000000 .02120000000000000000 0.0    -0.025472
1019 CE .02520000000000000000 .02200000000000000000 0.0    -0.025472
1020 CE .02520000000000000000 .02280000000000000000 0.0    -0.025472
1021 CE .02520000000000000000 .02360000000000000000 0.0    -0.025472
1022 CE .02520000000000000000 .02440000000000000000 0.0    -0.025472
1023 CE .02520000000000000000 .02520000000000000000 0.0    -0.025472
