0 CE .00075000000000000000 .00075000000000000000 0.0    0.00001
1 CE .00075000000000000000 .00155000000000000000 0.0    0.00001
2 CE .00075000000000000000 .00235000000000000000 0.0    0.00001
3 CE .00075000000000000000 .00315000000000000000 0.0    0.00001
4 CE .00075000000000000000 .00395000000000000000 0.0    0.00001
5 CE .00075000000000000000 .00475000000000000000 0.0    0.00001
6 CE .00075000000000000000 .00555000000000000000 0.0    0.00001
7 CE .00075000000000000000 .00635000000000000000 0.0    0.00001
8 CE .00075000000000000000 .00715000000000000000 0.0    0.00001
9 CE .00075000000000000000 .00795000000000000000 0.0    0.00001
10 CE .00075000000000000000 .00875000000000000000 0.0    0.00001
11 CE .00075000000000000000 .00955000000000000000 0.0    0.00001
12 CE .00075000000000000000 .01035000000000000000 0.0    0.00001
13 CE .00075000000000000000 .01115000000000000000 0.0    0.00001
14 CE .00075000000000000000 .01195000000000000000 0.0    0.00001
15 CE .00075000000000000000 .01275000000000000000 0.0    0.00001
16 CE .00075000000000000000 .01355000000000000000 0.0    0.00001
17 CE .00075000000000000000 .01435000000000000000 0.0    0.00001
18 CE .00075000000000000000 .01515000000000000000 0.0    0.00001
19 CE .00075000000000000000 .01595000000000000000 0.0    0.00001
20 CE .00075000000000000000 .01675000000000000000 0.0    0.00001
21 CE .00075000000000000000 .01755000000000000000 0.0    0.00001
22 CE .00075000000000000000 .01835000000000000000 0.0    0.00001
23 CE .00075000000000000000 .01915000000000000000 0.0    0.00001
24 CE .00075000000000000000 .01995000000000000000 0.0    0.00001
25 CE .00075000000000000000 .02075000000000000000 0.0    0.00001
26 CE .00075000000000000000 .02155000000000000000 0.0    0.00001
27 CE .00075000000000000000 .02235000000000000000 0.0    0.00001
28 CE .00075000000000000000 .02315000000000000000 0.0    0.00001
29 CE .00075000000000000000 .02395000000000000000 0.0    0.00001
30 CE .00075000000000000000 .02475000000000000000 0.0    0.00001
31 CE .00075000000000000000 .02555000000000000000 0.0    0.00001
32 CE .00155000000000000000 .00075000000000000000 0.0    0.00001
33 CE .00155000000000000000 .00155000000000000000 0.0    0.00001
34 CE .00155000000000000000 .00235000000000000000 0.0    0.00001
35 CE .00155000000000000000 .00315000000000000000 0.0    0.00001
36 CE .00155000000000000000 .00395000000000000000 0.0    0.00001
37 CE .00155000000000000000 .00475000000000000000 0.0    0.00001
38 CE .00155000000000000000 .00555000000000000000 0.0    0.00001
39 CE .00155000000000000000 .00635000000000000000 0.0    0.00001
40 CE .00155000000000000000 .00715000000000000000 0.0    0.00001
41 CE .00155000000000000000 .00795000000000000000 0.0    0.00001
42 CE .00155000000000000000 .00875000000000000000 0.0    0.00001
43 CE .00155000000000000000 .00955000000000000000 0.0    0.00001
44 CE .00155000000000000000 .01035000000000000000 0.0    0.00001
45 CE .00155000000000000000 .01115000000000000000 0.0    0.00001
46 CE .00155000000000000000 .01195000000000000000 0.0    0.00001
47 CE .00155000000000000000 .01275000000000000000 0.0    0.00001
48 CE .00155000000000000000 .01355000000000000000 0.0    0.00001
49 CE .00155000000000000000 .01435000000000000000 0.0    0.00001
50 CE .00155000000000000000 .01515000000000000000 0.0    0.00001
51 CE .00155000000000000000 .01595000000000000000 0.0    0.00001
52 CE .00155000000000000000 .01675000000000000000 0.0    0.00001
53 CE .00155000000000000000 .01755000000000000000 0.0    0.00001
54 CE .00155000000000000000 .01835000000000000000 0.0    0.00001
55 CE .00155000000000000000 .01915000000000000000 0.0    0.00001
56 CE .00155000000000000000 .01995000000000000000 0.0    0.00001
57 CE .00155000000000000000 .02075000000000000000 0.0    0.00001
58 CE .00155000000000000000 .02155000000000000000 0.0    0.00001
59 CE .00155000000000000000 .02235000000000000000 0.0    0.00001
60 CE .00155000000000000000 .02315000000000000000 0.0    0.00001
61 CE .00155000000000000000 .02395000000000000000 0.0    0.00001
62 CE .00155000000000000000 .02475000000000000000 0.0    0.00001
63 CE .00155000000000000000 .02555000000000000000 0.0    0.00001
64 CE .00235000000000000000 .00075000000000000000 0.0    0.00001
65 CE .00235000000000000000 .00155000000000000000 0.0    0.00001
66 CE .00235000000000000000 .00235000000000000000 0.0    0.00001
67 CE .00235000000000000000 .00315000000000000000 0.0    0.00001
68 CE .00235000000000000000 .00395000000000000000 0.0    0.00001
69 CE .00235000000000000000 .00475000000000000000 0.0    0.00001
70 CE .00235000000000000000 .00555000000000000000 0.0    0.00001
71 CE .00235000000000000000 .00635000000000000000 0.0    0.00001
72 CE .00235000000000000000 .00715000000000000000 0.0    0.00001
73 CE .00235000000000000000 .00795000000000000000 0.0    0.00001
74 CE .00235000000000000000 .00875000000000000000 0.0    0.00001
75 CE .00235000000000000000 .00955000000000000000 0.0    0.00001
76 CE .00235000000000000000 .01035000000000000000 0.0    0.00001
77 CE .00235000000000000000 .01115000000000000000 0.0    0.00001
78 CE .00235000000000000000 .01195000000000000000 0.0    0.00001
79 CE .00235000000000000000 .01275000000000000000 0.0    0.00001
80 CE .00235000000000000000 .01355000000000000000 0.0    0.00001
81 CE .00235000000000000000 .01435000000000000000 0.0    0.00001
82 CE .00235000000000000000 .01515000000000000000 0.0    0.00001
83 CE .00235000000000000000 .01595000000000000000 0.0    0.00001
84 CE .00235000000000000000 .01675000000000000000 0.0    0.00001
85 CE .00235000000000000000 .01755000000000000000 0.0    0.00001
86 CE .00235000000000000000 .01835000000000000000 0.0    0.00001
87 CE .00235000000000000000 .01915000000000000000 0.0    0.00001
88 CE .00235000000000000000 .01995000000000000000 0.0    0.00001
89 CE .00235000000000000000 .02075000000000000000 0.0    0.00001
90 CE .00235000000000000000 .02155000000000000000 0.0    0.00001
91 CE .00235000000000000000 .02235000000000000000 0.0    0.00001
92 CE .00235000000000000000 .02315000000000000000 0.0    0.00001
93 CE .00235000000000000000 .02395000000000000000 0.0    0.00001
94 CE .00235000000000000000 .02475000000000000000 0.0    0.00001
95 CE .00235000000000000000 .02555000000000000000 0.0    0.00001
96 CE .00315000000000000000 .00075000000000000000 0.0    0.00001
97 CE .00315000000000000000 .00155000000000000000 0.0    0.00001
98 CE .00315000000000000000 .00235000000000000000 0.0    0.00001
99 CE .00315000000000000000 .00315000000000000000 0.0    0.00001
100 CE .00315000000000000000 .00395000000000000000 0.0    0.00001
101 CE .00315000000000000000 .00475000000000000000 0.0    0.00001
102 CE .00315000000000000000 .00555000000000000000 0.0    0.00001
103 CE .00315000000000000000 .00635000000000000000 0.0    0.00001
104 CE .00315000000000000000 .00715000000000000000 0.0    0.00001
105 CE .00315000000000000000 .00795000000000000000 0.0    0.00001
106 CE .00315000000000000000 .00875000000000000000 0.0    0.00001
107 CE .00315000000000000000 .00955000000000000000 0.0    0.00001
108 CE .00315000000000000000 .01035000000000000000 0.0    0.00001
109 CE .00315000000000000000 .01115000000000000000 0.0    0.00001
110 CE .00315000000000000000 .01195000000000000000 0.0    0.00001
111 CE .00315000000000000000 .01275000000000000000 0.0    0.00001
112 CE .00315000000000000000 .01355000000000000000 0.0    0.00001
113 CE .00315000000000000000 .01435000000000000000 0.0    0.00001
114 CE .00315000000000000000 .01515000000000000000 0.0    0.00001
115 CE .00315000000000000000 .01595000000000000000 0.0    0.00001
116 CE .00315000000000000000 .01675000000000000000 0.0    0.00001
117 CE .00315000000000000000 .01755000000000000000 0.0    0.00001
118 CE .00315000000000000000 .01835000000000000000 0.0    0.00001
119 CE .00315000000000000000 .01915000000000000000 0.0    0.00001
120 CE .00315000000000000000 .01995000000000000000 0.0    0.00001
121 CE .00315000000000000000 .02075000000000000000 0.0    0.00001
122 CE .00315000000000000000 .02155000000000000000 0.0    0.00001
123 CE .00315000000000000000 .02235000000000000000 0.0    0.00001
124 CE .00315000000000000000 .02315000000000000000 0.0    0.00001
125 CE .00315000000000000000 .02395000000000000000 0.0    0.00001
126 CE .00315000000000000000 .02475000000000000000 0.0    0.00001
127 CE .00315000000000000000 .02555000000000000000 0.0    0.00001
128 CE .00395000000000000000 .00075000000000000000 0.0    0.00001
129 CE .00395000000000000000 .00155000000000000000 0.0    0.00001
130 CE .00395000000000000000 .00235000000000000000 0.0    0.00001
131 CE .00395000000000000000 .00315000000000000000 0.0    0.00001
132 CE .00395000000000000000 .00395000000000000000 0.0    0.00001
133 CE .00395000000000000000 .00475000000000000000 0.0    0.00001
134 CE .00395000000000000000 .00555000000000000000 0.0    0.00001
135 CE .00395000000000000000 .00635000000000000000 0.0    0.00001
136 CE .00395000000000000000 .00715000000000000000 0.0    0.00001
137 CE .00395000000000000000 .00795000000000000000 0.0    0.00001
138 CE .00395000000000000000 .00875000000000000000 0.0    0.00001
139 CE .00395000000000000000 .00955000000000000000 0.0    0.00001
140 CE .00395000000000000000 .01035000000000000000 0.0    0.00001
141 CE .00395000000000000000 .01115000000000000000 0.0    0.00001
142 CE .00395000000000000000 .01195000000000000000 0.0    0.00001
143 CE .00395000000000000000 .01275000000000000000 0.0    0.00001
144 CE .00395000000000000000 .01355000000000000000 0.0    0.00001
145 CE .00395000000000000000 .01435000000000000000 0.0    0.00001
146 CE .00395000000000000000 .01515000000000000000 0.0    0.00001
147 CE .00395000000000000000 .01595000000000000000 0.0    0.00001
148 CE .00395000000000000000 .01675000000000000000 0.0    0.00001
149 CE .00395000000000000000 .01755000000000000000 0.0    0.00001
150 CE .00395000000000000000 .01835000000000000000 0.0    0.00001
151 CE .00395000000000000000 .01915000000000000000 0.0    0.00001
152 CE .00395000000000000000 .01995000000000000000 0.0    0.00001
153 CE .00395000000000000000 .02075000000000000000 0.0    0.00001
154 CE .00395000000000000000 .02155000000000000000 0.0    0.00001
155 CE .00395000000000000000 .02235000000000000000 0.0    0.00001
156 CE .00395000000000000000 .02315000000000000000 0.0    0.00001
157 CE .00395000000000000000 .02395000000000000000 0.0    0.00001
158 CE .00395000000000000000 .02475000000000000000 0.0    0.00001
159 CE .00395000000000000000 .02555000000000000000 0.0    0.00001
160 CE .00475000000000000000 .00075000000000000000 0.0    0.00001
161 CE .00475000000000000000 .00155000000000000000 0.0    0.00001
162 CE .00475000000000000000 .00235000000000000000 0.0    0.00001
163 CE .00475000000000000000 .00315000000000000000 0.0    0.00001
164 CE .00475000000000000000 .00395000000000000000 0.0    0.00001
165 CE .00475000000000000000 .00475000000000000000 0.0    0.00001
166 CE .00475000000000000000 .00555000000000000000 0.0    0.00001
167 CE .00475000000000000000 .00635000000000000000 0.0    0.00001
168 CE .00475000000000000000 .00715000000000000000 0.0    0.00001
169 CE .00475000000000000000 .00795000000000000000 0.0    0.00001
170 CE .00475000000000000000 .00875000000000000000 0.0    0.00001
171 CE .00475000000000000000 .00955000000000000000 0.0    0.00001
172 CE .00475000000000000000 .01035000000000000000 0.0    0.00001
173 CE .00475000000000000000 .01115000000000000000 0.0    0.00001
174 CE .00475000000000000000 .01195000000000000000 0.0    0.00001
175 CE .00475000000000000000 .01275000000000000000 0.0    0.00001
176 CE .00475000000000000000 .01355000000000000000 0.0    0.00001
177 CE .00475000000000000000 .01435000000000000000 0.0    0.00001
178 CE .00475000000000000000 .01515000000000000000 0.0    0.00001
179 CE .00475000000000000000 .01595000000000000000 0.0    0.00001
180 CE .00475000000000000000 .01675000000000000000 0.0    0.00001
181 CE .00475000000000000000 .01755000000000000000 0.0    0.00001
182 CE .00475000000000000000 .01835000000000000000 0.0    0.00001
183 CE .00475000000000000000 .01915000000000000000 0.0    0.00001
184 CE .00475000000000000000 .01995000000000000000 0.0    0.00001
185 CE .00475000000000000000 .02075000000000000000 0.0    0.00001
186 CE .00475000000000000000 .02155000000000000000 0.0    0.00001
187 CE .00475000000000000000 .02235000000000000000 0.0    0.00001
188 CE .00475000000000000000 .02315000000000000000 0.0    0.00001
189 CE .00475000000000000000 .02395000000000000000 0.0    0.00001
190 CE .00475000000000000000 .02475000000000000000 0.0    0.00001
191 CE .00475000000000000000 .02555000000000000000 0.0    0.00001
192 CE .00555000000000000000 .00075000000000000000 0.0    0.00001
193 CE .00555000000000000000 .00155000000000000000 0.0    0.00001
194 CE .00555000000000000000 .00235000000000000000 0.0    0.00001
195 CE .00555000000000000000 .00315000000000000000 0.0    0.00001
196 CE .00555000000000000000 .00395000000000000000 0.0    0.00001
197 CE .00555000000000000000 .00475000000000000000 0.0    0.00001
198 CE .00555000000000000000 .00555000000000000000 0.0    0.00001
199 CE .00555000000000000000 .00635000000000000000 0.0    0.00001
200 CE .00555000000000000000 .00715000000000000000 0.0    0.00001
201 CE .00555000000000000000 .00795000000000000000 0.0    0.00001
202 CE .00555000000000000000 .00875000000000000000 0.0    0.00001
203 CE .00555000000000000000 .00955000000000000000 0.0    0.00001
204 CE .00555000000000000000 .01035000000000000000 0.0    0.00001
205 CE .00555000000000000000 .01115000000000000000 0.0    0.00001
206 CE .00555000000000000000 .01195000000000000000 0.0    0.00001
207 CE .00555000000000000000 .01275000000000000000 0.0    0.00001
208 CE .00555000000000000000 .01355000000000000000 0.0    0.00001
209 CE .00555000000000000000 .01435000000000000000 0.0    0.00001
210 CE .00555000000000000000 .01515000000000000000 0.0    0.00001
211 CE .00555000000000000000 .01595000000000000000 0.0    0.00001
212 CE .00555000000000000000 .01675000000000000000 0.0    0.00001
213 CE .00555000000000000000 .01755000000000000000 0.0    0.00001
214 CE .00555000000000000000 .01835000000000000000 0.0    0.00001
215 CE .00555000000000000000 .01915000000000000000 0.0    0.00001
216 CE .00555000000000000000 .01995000000000000000 0.0    0.00001
217 CE .00555000000000000000 .02075000000000000000 0.0    0.00001
218 CE .00555000000000000000 .02155000000000000000 0.0    0.00001
219 CE .00555000000000000000 .02235000000000000000 0.0    0.00001
220 CE .00555000000000000000 .02315000000000000000 0.0    0.00001
221 CE .00555000000000000000 .02395000000000000000 0.0    0.00001
222 CE .00555000000000000000 .02475000000000000000 0.0    0.00001
223 CE .00555000000000000000 .02555000000000000000 0.0    0.00001
224 CE .00635000000000000000 .00075000000000000000 0.0    0.00001
225 CE .00635000000000000000 .00155000000000000000 0.0    0.00001
226 CE .00635000000000000000 .00235000000000000000 0.0    0.00001
227 CE .00635000000000000000 .00315000000000000000 0.0    0.00001
228 CE .00635000000000000000 .00395000000000000000 0.0    0.00001
229 CE .00635000000000000000 .00475000000000000000 0.0    0.00001
230 CE .00635000000000000000 .00555000000000000000 0.0    0.00001
231 CE .00635000000000000000 .00635000000000000000 0.0    0.00001
232 CE .00635000000000000000 .00715000000000000000 0.0    0.00001
233 CE .00635000000000000000 .00795000000000000000 0.0    0.00001
234 CE .00635000000000000000 .00875000000000000000 0.0    0.00001
235 CE .00635000000000000000 .00955000000000000000 0.0    0.00001
236 CE .00635000000000000000 .01035000000000000000 0.0    0.00001
237 CE .00635000000000000000 .01115000000000000000 0.0    0.00001
238 CE .00635000000000000000 .01195000000000000000 0.0    0.00001
239 CE .00635000000000000000 .01275000000000000000 0.0    0.00001
240 CE .00635000000000000000 .01355000000000000000 0.0    0.00001
241 CE .00635000000000000000 .01435000000000000000 0.0    0.00001
242 CE .00635000000000000000 .01515000000000000000 0.0    0.00001
243 CE .00635000000000000000 .01595000000000000000 0.0    0.00001
244 CE .00635000000000000000 .01675000000000000000 0.0    0.00001
245 CE .00635000000000000000 .01755000000000000000 0.0    0.00001
246 CE .00635000000000000000 .01835000000000000000 0.0    0.00001
247 CE .00635000000000000000 .01915000000000000000 0.0    0.00001
248 CE .00635000000000000000 .01995000000000000000 0.0    0.00001
249 CE .00635000000000000000 .02075000000000000000 0.0    0.00001
250 CE .00635000000000000000 .02155000000000000000 0.0    0.00001
251 CE .00635000000000000000 .02235000000000000000 0.0    0.00001
252 CE .00635000000000000000 .02315000000000000000 0.0    0.00001
253 CE .00635000000000000000 .02395000000000000000 0.0    0.00001
254 CE .00635000000000000000 .02475000000000000000 0.0    0.00001
255 CE .00635000000000000000 .02555000000000000000 0.0    0.00001
256 CE .00715000000000000000 .00075000000000000000 0.0    0.00001
257 CE .00715000000000000000 .00155000000000000000 0.0    0.00001
258 CE .00715000000000000000 .00235000000000000000 0.0    0.00001
259 CE .00715000000000000000 .00315000000000000000 0.0    0.00001
260 CE .00715000000000000000 .00395000000000000000 0.0    0.00001
261 CE .00715000000000000000 .00475000000000000000 0.0    0.00001
262 CE .00715000000000000000 .00555000000000000000 0.0    0.00001
263 CE .00715000000000000000 .00635000000000000000 0.0    0.00001
264 CE .00715000000000000000 .00715000000000000000 0.0    0.00001
265 CE .00715000000000000000 .00795000000000000000 0.0    0.00001
266 CE .00715000000000000000 .00875000000000000000 0.0    0.00001
267 CE .00715000000000000000 .00955000000000000000 0.0    0.00001
268 CE .00715000000000000000 .01035000000000000000 0.0    0.00001
269 CE .00715000000000000000 .01115000000000000000 0.0    0.00001
270 CE .00715000000000000000 .01195000000000000000 0.0    0.00001
271 CE .00715000000000000000 .01275000000000000000 0.0    0.00001
272 CE .00715000000000000000 .01355000000000000000 0.0    0.00001
273 CE .00715000000000000000 .01435000000000000000 0.0    0.00001
274 CE .00715000000000000000 .01515000000000000000 0.0    0.00001
275 CE .00715000000000000000 .01595000000000000000 0.0    0.00001
276 CE .00715000000000000000 .01675000000000000000 0.0    0.00001
277 CE .00715000000000000000 .01755000000000000000 0.0    0.00001
278 CE .00715000000000000000 .01835000000000000000 0.0    0.00001
279 CE .00715000000000000000 .01915000000000000000 0.0    0.00001
280 CE .00715000000000000000 .01995000000000000000 0.0    0.00001
281 CE .00715000000000000000 .02075000000000000000 0.0    0.00001
282 CE .00715000000000000000 .02155000000000000000 0.0    0.00001
283 CE .00715000000000000000 .02235000000000000000 0.0    0.00001
284 CE .00715000000000000000 .02315000000000000000 0.0    0.00001
285 CE .00715000000000000000 .02395000000000000000 0.0    0.00001
286 CE .00715000000000000000 .02475000000000000000 0.0    0.00001
287 CE .00715000000000000000 .02555000000000000000 0.0    0.00001
288 CE .00795000000000000000 .00075000000000000000 0.0    0.00001
289 CE .00795000000000000000 .00155000000000000000 0.0    0.00001
290 CE .00795000000000000000 .00235000000000000000 0.0    0.00001
291 CE .00795000000000000000 .00315000000000000000 0.0    0.00001
292 CE .00795000000000000000 .00395000000000000000 0.0    0.00001
293 CE .00795000000000000000 .00475000000000000000 0.0    0.00001
294 CE .00795000000000000000 .00555000000000000000 0.0    0.00001
295 CE .00795000000000000000 .00635000000000000000 0.0    0.00001
296 CE .00795000000000000000 .00715000000000000000 0.0    0.00001
297 CE .00795000000000000000 .00795000000000000000 0.0    0.00001
298 CE .00795000000000000000 .00875000000000000000 0.0    0.00001
299 CE .00795000000000000000 .00955000000000000000 0.0    0.00001
300 CE .00795000000000000000 .01035000000000000000 0.0    0.00001
301 CE .00795000000000000000 .01115000000000000000 0.0    0.00001
302 CE .00795000000000000000 .01195000000000000000 0.0    0.00001
303 CE .00795000000000000000 .01275000000000000000 0.0    0.00001
304 CE .00795000000000000000 .01355000000000000000 0.0    0.00001
305 CE .00795000000000000000 .01435000000000000000 0.0    0.00001
306 CE .00795000000000000000 .01515000000000000000 0.0    0.00001
307 CE .00795000000000000000 .01595000000000000000 0.0    0.00001
308 CE .00795000000000000000 .01675000000000000000 0.0    0.00001
309 CE .00795000000000000000 .01755000000000000000 0.0    0.00001
310 CE .00795000000000000000 .01835000000000000000 0.0    0.00001
311 CE .00795000000000000000 .01915000000000000000 0.0    0.00001
312 CE .00795000000000000000 .01995000000000000000 0.0    0.00001
313 CE .00795000000000000000 .02075000000000000000 0.0    0.00001
314 CE .00795000000000000000 .02155000000000000000 0.0    0.00001
315 CE .00795000000000000000 .02235000000000000000 0.0    0.00001
316 CE .00795000000000000000 .02315000000000000000 0.0    0.00001
317 CE .00795000000000000000 .02395000000000000000 0.0    0.00001
318 CE .00795000000000000000 .02475000000000000000 0.0    0.00001
319 CE .00795000000000000000 .02555000000000000000 0.0    0.00001
320 CE .00875000000000000000 .00075000000000000000 0.0    0.00001
321 CE .00875000000000000000 .00155000000000000000 0.0    0.00001
322 CE .00875000000000000000 .00235000000000000000 0.0    0.00001
323 CE .00875000000000000000 .00315000000000000000 0.0    0.00001
324 CE .00875000000000000000 .00395000000000000000 0.0    0.00001
325 CE .00875000000000000000 .00475000000000000000 0.0    0.00001
326 CE .00875000000000000000 .00555000000000000000 0.0    0.00001
327 CE .00875000000000000000 .00635000000000000000 0.0    0.00001
328 CE .00875000000000000000 .00715000000000000000 0.0    0.00001
329 CE .00875000000000000000 .00795000000000000000 0.0    0.00001
330 CE .00875000000000000000 .00875000000000000000 0.0    0.00001
331 CE .00875000000000000000 .00955000000000000000 0.0    0.00001
332 CE .00875000000000000000 .01035000000000000000 0.0    0.00001
333 CE .00875000000000000000 .01115000000000000000 0.0    0.00001
334 CE .00875000000000000000 .01195000000000000000 0.0    0.00001
335 CE .00875000000000000000 .01275000000000000000 0.0    0.00001
336 CE .00875000000000000000 .01355000000000000000 0.0    0.00001
337 CE .00875000000000000000 .01435000000000000000 0.0    0.00001
338 CE .00875000000000000000 .01515000000000000000 0.0    0.00001
339 CE .00875000000000000000 .01595000000000000000 0.0    0.00001
340 CE .00875000000000000000 .01675000000000000000 0.0    0.00001
341 CE .00875000000000000000 .01755000000000000000 0.0    0.00001
342 CE .00875000000000000000 .01835000000000000000 0.0    0.00001
343 CE .00875000000000000000 .01915000000000000000 0.0    0.00001
344 CE .00875000000000000000 .01995000000000000000 0.0    0.00001
345 CE .00875000000000000000 .02075000000000000000 0.0    0.00001
346 CE .00875000000000000000 .02155000000000000000 0.0    0.00001
347 CE .00875000000000000000 .02235000000000000000 0.0    0.00001
348 CE .00875000000000000000 .02315000000000000000 0.0    0.00001
349 CE .00875000000000000000 .02395000000000000000 0.0    0.00001
350 CE .00875000000000000000 .02475000000000000000 0.0    0.00001
351 CE .00875000000000000000 .02555000000000000000 0.0    0.00001
352 CE .00955000000000000000 .00075000000000000000 0.0    0.00001
353 CE .00955000000000000000 .00155000000000000000 0.0    0.00001
354 CE .00955000000000000000 .00235000000000000000 0.0    0.00001
355 CE .00955000000000000000 .00315000000000000000 0.0    0.00001
356 CE .00955000000000000000 .00395000000000000000 0.0    0.00001
357 CE .00955000000000000000 .00475000000000000000 0.0    0.00001
358 CE .00955000000000000000 .00555000000000000000 0.0    0.00001
359 CE .00955000000000000000 .00635000000000000000 0.0    0.00001
360 CE .00955000000000000000 .00715000000000000000 0.0    0.00001
361 CE .00955000000000000000 .00795000000000000000 0.0    0.00001
362 CE .00955000000000000000 .00875000000000000000 0.0    0.00001
363 CE .00955000000000000000 .00955000000000000000 0.0    0.00001
364 CE .00955000000000000000 .01035000000000000000 0.0    0.00001
365 CE .00955000000000000000 .01115000000000000000 0.0    0.00001
366 CE .00955000000000000000 .01195000000000000000 0.0    0.00001
367 CE .00955000000000000000 .01275000000000000000 0.0    0.00001
368 CE .00955000000000000000 .01355000000000000000 0.0    0.00001
369 CE .00955000000000000000 .01435000000000000000 0.0    0.00001
370 CE .00955000000000000000 .01515000000000000000 0.0    0.00001
371 CE .00955000000000000000 .01595000000000000000 0.0    0.00001
372 CE .00955000000000000000 .01675000000000000000 0.0    0.00001
373 CE .00955000000000000000 .01755000000000000000 0.0    0.00001
374 CE .00955000000000000000 .01835000000000000000 0.0    0.00001
375 CE .00955000000000000000 .01915000000000000000 0.0    0.00001
376 CE .00955000000000000000 .01995000000000000000 0.0    0.00001
377 CE .00955000000000000000 .02075000000000000000 0.0    0.00001
378 CE .00955000000000000000 .02155000000000000000 0.0    0.00001
379 CE .00955000000000000000 .02235000000000000000 0.0    0.00001
380 CE .00955000000000000000 .02315000000000000000 0.0    0.00001
381 CE .00955000000000000000 .02395000000000000000 0.0    0.00001
382 CE .00955000000000000000 .02475000000000000000 0.0    0.00001
383 CE .00955000000000000000 .02555000000000000000 0.0    0.00001
384 CE .01035000000000000000 .00075000000000000000 0.0    0.00001
385 CE .01035000000000000000 .00155000000000000000 0.0    0.00001
386 CE .01035000000000000000 .00235000000000000000 0.0    0.00001
387 CE .01035000000000000000 .00315000000000000000 0.0    0.00001
388 CE .01035000000000000000 .00395000000000000000 0.0    0.00001
389 CE .01035000000000000000 .00475000000000000000 0.0    0.00001
390 CE .01035000000000000000 .00555000000000000000 0.0    0.00001
391 CE .01035000000000000000 .00635000000000000000 0.0    0.00001
392 CE .01035000000000000000 .00715000000000000000 0.0    0.00001
393 CE .01035000000000000000 .00795000000000000000 0.0    0.00001
394 CE .01035000000000000000 .00875000000000000000 0.0    0.00001
395 CE .01035000000000000000 .00955000000000000000 0.0    0.00001
396 CE .01035000000000000000 .01035000000000000000 0.0    0.00001
397 CE .01035000000000000000 .01115000000000000000 0.0    0.00001
398 CE .01035000000000000000 .01195000000000000000 0.0    0.00001
399 CE .01035000000000000000 .01275000000000000000 0.0    0.00001
400 CE .01035000000000000000 .01355000000000000000 0.0    0.00001
401 CE .01035000000000000000 .01435000000000000000 0.0    0.00001
402 CE .01035000000000000000 .01515000000000000000 0.0    0.00001
403 CE .01035000000000000000 .01595000000000000000 0.0    0.00001
404 CE .01035000000000000000 .01675000000000000000 0.0    0.00001
405 CE .01035000000000000000 .01755000000000000000 0.0    0.00001
406 CE .01035000000000000000 .01835000000000000000 0.0    0.00001
407 CE .01035000000000000000 .01915000000000000000 0.0    0.00001
408 CE .01035000000000000000 .01995000000000000000 0.0    0.00001
409 CE .01035000000000000000 .02075000000000000000 0.0    0.00001
410 CE .01035000000000000000 .02155000000000000000 0.0    0.00001
411 CE .01035000000000000000 .02235000000000000000 0.0    0.00001
412 CE .01035000000000000000 .02315000000000000000 0.0    0.00001
413 CE .01035000000000000000 .02395000000000000000 0.0    0.00001
414 CE .01035000000000000000 .02475000000000000000 0.0    0.00001
415 CE .01035000000000000000 .02555000000000000000 0.0    0.00001
416 CE .01115000000000000000 .00075000000000000000 0.0    0.00001
417 CE .01115000000000000000 .00155000000000000000 0.0    0.00001
418 CE .01115000000000000000 .00235000000000000000 0.0    0.00001
419 CE .01115000000000000000 .00315000000000000000 0.0    0.00001
420 CE .01115000000000000000 .00395000000000000000 0.0    0.00001
421 CE .01115000000000000000 .00475000000000000000 0.0    0.00001
422 CE .01115000000000000000 .00555000000000000000 0.0    0.00001
423 CE .01115000000000000000 .00635000000000000000 0.0    0.00001
424 CE .01115000000000000000 .00715000000000000000 0.0    0.00001
425 CE .01115000000000000000 .00795000000000000000 0.0    0.00001
426 CE .01115000000000000000 .00875000000000000000 0.0    0.00001
427 CE .01115000000000000000 .00955000000000000000 0.0    0.00001
428 CE .01115000000000000000 .01035000000000000000 0.0    0.00001
429 CE .01115000000000000000 .01115000000000000000 0.0    0.00001
430 CE .01115000000000000000 .01195000000000000000 0.0    0.00001
431 CE .01115000000000000000 .01275000000000000000 0.0    0.00001
432 CE .01115000000000000000 .01355000000000000000 0.0    0.00001
433 CE .01115000000000000000 .01435000000000000000 0.0    0.00001
434 CE .01115000000000000000 .01515000000000000000 0.0    0.00001
435 CE .01115000000000000000 .01595000000000000000 0.0    0.00001
436 CE .01115000000000000000 .01675000000000000000 0.0    0.00001
437 CE .01115000000000000000 .01755000000000000000 0.0    0.00001
438 CE .01115000000000000000 .01835000000000000000 0.0    0.00001
439 CE .01115000000000000000 .01915000000000000000 0.0    0.00001
440 CE .01115000000000000000 .01995000000000000000 0.0    0.00001
441 CE .01115000000000000000 .02075000000000000000 0.0    0.00001
442 CE .01115000000000000000 .02155000000000000000 0.0    0.00001
443 CE .01115000000000000000 .02235000000000000000 0.0    0.00001
444 CE .01115000000000000000 .02315000000000000000 0.0    0.00001
445 CE .01115000000000000000 .02395000000000000000 0.0    0.00001
446 CE .01115000000000000000 .02475000000000000000 0.0    0.00001
447 CE .01115000000000000000 .02555000000000000000 0.0    0.00001
448 CE .01195000000000000000 .00075000000000000000 0.0    0.00001
449 CE .01195000000000000000 .00155000000000000000 0.0    0.00001
450 CE .01195000000000000000 .00235000000000000000 0.0    0.00001
451 CE .01195000000000000000 .00315000000000000000 0.0    0.00001
452 CE .01195000000000000000 .00395000000000000000 0.0    0.00001
453 CE .01195000000000000000 .00475000000000000000 0.0    0.00001
454 CE .01195000000000000000 .00555000000000000000 0.0    0.00001
455 CE .01195000000000000000 .00635000000000000000 0.0    0.00001
456 CE .01195000000000000000 .00715000000000000000 0.0    0.00001
457 CE .01195000000000000000 .00795000000000000000 0.0    0.00001
458 CE .01195000000000000000 .00875000000000000000 0.0    0.00001
459 CE .01195000000000000000 .00955000000000000000 0.0    0.00001
460 CE .01195000000000000000 .01035000000000000000 0.0    0.00001
461 CE .01195000000000000000 .01115000000000000000 0.0    0.00001
462 CE .01195000000000000000 .01195000000000000000 0.0    0.00001
463 CE .01195000000000000000 .01275000000000000000 0.0    0.00001
464 CE .01195000000000000000 .01355000000000000000 0.0    0.00001
465 CE .01195000000000000000 .01435000000000000000 0.0    0.00001
466 CE .01195000000000000000 .01515000000000000000 0.0    0.00001
467 CE .01195000000000000000 .01595000000000000000 0.0    0.00001
468 CE .01195000000000000000 .01675000000000000000 0.0    0.00001
469 CE .01195000000000000000 .01755000000000000000 0.0    0.00001
470 CE .01195000000000000000 .01835000000000000000 0.0    0.00001
471 CE .01195000000000000000 .01915000000000000000 0.0    0.00001
472 CE .01195000000000000000 .01995000000000000000 0.0    0.00001
473 CE .01195000000000000000 .02075000000000000000 0.0    0.00001
474 CE .01195000000000000000 .02155000000000000000 0.0    0.00001
475 CE .01195000000000000000 .02235000000000000000 0.0    0.00001
476 CE .01195000000000000000 .02315000000000000000 0.0    0.00001
477 CE .01195000000000000000 .02395000000000000000 0.0    0.00001
478 CE .01195000000000000000 .02475000000000000000 0.0    0.00001
479 CE .01195000000000000000 .02555000000000000000 0.0    0.00001
480 CE .01275000000000000000 .00075000000000000000 0.0    0.00001
481 CE .01275000000000000000 .00155000000000000000 0.0    0.00001
482 CE .01275000000000000000 .00235000000000000000 0.0    0.00001
483 CE .01275000000000000000 .00315000000000000000 0.0    0.00001
484 CE .01275000000000000000 .00395000000000000000 0.0    0.00001
485 CE .01275000000000000000 .00475000000000000000 0.0    0.00001
486 CE .01275000000000000000 .00555000000000000000 0.0    0.00001
487 CE .01275000000000000000 .00635000000000000000 0.0    0.00001
488 CE .01275000000000000000 .00715000000000000000 0.0    0.00001
489 CE .01275000000000000000 .00795000000000000000 0.0    0.00001
490 CE .01275000000000000000 .00875000000000000000 0.0    0.00001
491 CE .01275000000000000000 .00955000000000000000 0.0    0.00001
492 CE .01275000000000000000 .01035000000000000000 0.0    0.00001
493 CE .01275000000000000000 .01115000000000000000 0.0    0.00001
494 CE .01275000000000000000 .01195000000000000000 0.0    0.00001
495 CE .01275000000000000000 .01275000000000000000 0.0    0.00001
496 CE .01275000000000000000 .01355000000000000000 0.0    0.00001
497 CE .01275000000000000000 .01435000000000000000 0.0    0.00001
498 CE .01275000000000000000 .01515000000000000000 0.0    0.00001
499 CE .01275000000000000000 .01595000000000000000 0.0    0.00001
500 CE .01275000000000000000 .01675000000000000000 0.0    0.00001
501 CE .01275000000000000000 .01755000000000000000 0.0    0.00001
502 CE .01275000000000000000 .01835000000000000000 0.0    0.00001
503 CE .01275000000000000000 .01915000000000000000 0.0    0.00001
504 CE .01275000000000000000 .01995000000000000000 0.0    0.00001
505 CE .01275000000000000000 .02075000000000000000 0.0    0.00001
506 CE .01275000000000000000 .02155000000000000000 0.0    0.00001
507 CE .01275000000000000000 .02235000000000000000 0.0    0.00001
508 CE .01275000000000000000 .02315000000000000000 0.0    0.00001
509 CE .01275000000000000000 .02395000000000000000 0.0    0.00001
510 CE .01275000000000000000 .02475000000000000000 0.0    0.00001
511 CE .01275000000000000000 .02555000000000000000 0.0    0.00001
512 CE .01355000000000000000 .00075000000000000000 0.0    0.00001
513 CE .01355000000000000000 .00155000000000000000 0.0    0.00001
514 CE .01355000000000000000 .00235000000000000000 0.0    0.00001
515 CE .01355000000000000000 .00315000000000000000 0.0    0.00001
516 CE .01355000000000000000 .00395000000000000000 0.0    0.00001
517 CE .01355000000000000000 .00475000000000000000 0.0    0.00001
518 CE .01355000000000000000 .00555000000000000000 0.0    0.00001
519 CE .01355000000000000000 .00635000000000000000 0.0    0.00001
520 CE .01355000000000000000 .00715000000000000000 0.0    0.00001
521 CE .01355000000000000000 .00795000000000000000 0.0    0.00001
522 CE .01355000000000000000 .00875000000000000000 0.0    0.00001
523 CE .01355000000000000000 .00955000000000000000 0.0    0.00001
524 CE .01355000000000000000 .01035000000000000000 0.0    0.00001
525 CE .01355000000000000000 .01115000000000000000 0.0    0.00001
526 CE .01355000000000000000 .01195000000000000000 0.0    0.00001
527 CE .01355000000000000000 .01275000000000000000 0.0    0.00001
528 CE .01355000000000000000 .01355000000000000000 0.0    0.00001
529 CE .01355000000000000000 .01435000000000000000 0.0    0.00001
530 CE .01355000000000000000 .01515000000000000000 0.0    0.00001
531 CE .01355000000000000000 .01595000000000000000 0.0    0.00001
532 CE .01355000000000000000 .01675000000000000000 0.0    0.00001
533 CE .01355000000000000000 .01755000000000000000 0.0    0.00001
534 CE .01355000000000000000 .01835000000000000000 0.0    0.00001
535 CE .01355000000000000000 .01915000000000000000 0.0    0.00001
536 CE .01355000000000000000 .01995000000000000000 0.0    0.00001
537 CE .01355000000000000000 .02075000000000000000 0.0    0.00001
538 CE .01355000000000000000 .02155000000000000000 0.0    0.00001
539 CE .01355000000000000000 .02235000000000000000 0.0    0.00001
540 CE .01355000000000000000 .02315000000000000000 0.0    0.00001
541 CE .01355000000000000000 .02395000000000000000 0.0    0.00001
542 CE .01355000000000000000 .02475000000000000000 0.0    0.00001
543 CE .01355000000000000000 .02555000000000000000 0.0    0.00001
544 CE .01435000000000000000 .00075000000000000000 0.0    0.00001
545 CE .01435000000000000000 .00155000000000000000 0.0    0.00001
546 CE .01435000000000000000 .00235000000000000000 0.0    0.00001
547 CE .01435000000000000000 .00315000000000000000 0.0    0.00001
548 CE .01435000000000000000 .00395000000000000000 0.0    0.00001
549 CE .01435000000000000000 .00475000000000000000 0.0    0.00001
550 CE .01435000000000000000 .00555000000000000000 0.0    0.00001
551 CE .01435000000000000000 .00635000000000000000 0.0    0.00001
552 CE .01435000000000000000 .00715000000000000000 0.0    0.00001
553 CE .01435000000000000000 .00795000000000000000 0.0    0.00001
554 CE .01435000000000000000 .00875000000000000000 0.0    0.00001
555 CE .01435000000000000000 .00955000000000000000 0.0    0.00001
556 CE .01435000000000000000 .01035000000000000000 0.0    0.00001
557 CE .01435000000000000000 .01115000000000000000 0.0    0.00001
558 CE .01435000000000000000 .01195000000000000000 0.0    0.00001
559 CE .01435000000000000000 .01275000000000000000 0.0    0.00001
560 CE .01435000000000000000 .01355000000000000000 0.0    0.00001
561 CE .01435000000000000000 .01435000000000000000 0.0    0.00001
562 CE .01435000000000000000 .01515000000000000000 0.0    0.00001
563 CE .01435000000000000000 .01595000000000000000 0.0    0.00001
564 CE .01435000000000000000 .01675000000000000000 0.0    0.00001
565 CE .01435000000000000000 .01755000000000000000 0.0    0.00001
566 CE .01435000000000000000 .01835000000000000000 0.0    0.00001
567 CE .01435000000000000000 .01915000000000000000 0.0    0.00001
568 CE .01435000000000000000 .01995000000000000000 0.0    0.00001
569 CE .01435000000000000000 .02075000000000000000 0.0    0.00001
570 CE .01435000000000000000 .02155000000000000000 0.0    0.00001
571 CE .01435000000000000000 .02235000000000000000 0.0    0.00001
572 CE .01435000000000000000 .02315000000000000000 0.0    0.00001
573 CE .01435000000000000000 .02395000000000000000 0.0    0.00001
574 CE .01435000000000000000 .02475000000000000000 0.0    0.00001
575 CE .01435000000000000000 .02555000000000000000 0.0    0.00001
576 CE .01515000000000000000 .00075000000000000000 0.0    0.00001
577 CE .01515000000000000000 .00155000000000000000 0.0    0.00001
578 CE .01515000000000000000 .00235000000000000000 0.0    0.00001
579 CE .01515000000000000000 .00315000000000000000 0.0    0.00001
580 CE .01515000000000000000 .00395000000000000000 0.0    0.00001
581 CE .01515000000000000000 .00475000000000000000 0.0    0.00001
582 CE .01515000000000000000 .00555000000000000000 0.0    0.00001
583 CE .01515000000000000000 .00635000000000000000 0.0    0.00001
584 CE .01515000000000000000 .00715000000000000000 0.0    0.00001
585 CE .01515000000000000000 .00795000000000000000 0.0    0.00001
586 CE .01515000000000000000 .00875000000000000000 0.0    0.00001
587 CE .01515000000000000000 .00955000000000000000 0.0    0.00001
588 CE .01515000000000000000 .01035000000000000000 0.0    0.00001
589 CE .01515000000000000000 .01115000000000000000 0.0    0.00001
590 CE .01515000000000000000 .01195000000000000000 0.0    0.00001
591 CE .01515000000000000000 .01275000000000000000 0.0    0.00001
592 CE .01515000000000000000 .01355000000000000000 0.0    0.00001
593 CE .01515000000000000000 .01435000000000000000 0.0    0.00001
594 CE .01515000000000000000 .01515000000000000000 0.0    0.00001
595 CE .01515000000000000000 .01595000000000000000 0.0    0.00001
596 CE .01515000000000000000 .01675000000000000000 0.0    0.00001
597 CE .01515000000000000000 .01755000000000000000 0.0    0.00001
598 CE .01515000000000000000 .01835000000000000000 0.0    0.00001
599 CE .01515000000000000000 .01915000000000000000 0.0    0.00001
600 CE .01515000000000000000 .01995000000000000000 0.0    0.00001
601 CE .01515000000000000000 .02075000000000000000 0.0    0.00001
602 CE .01515000000000000000 .02155000000000000000 0.0    0.00001
603 CE .01515000000000000000 .02235000000000000000 0.0    0.00001
604 CE .01515000000000000000 .02315000000000000000 0.0    0.00001
605 CE .01515000000000000000 .02395000000000000000 0.0    0.00001
606 CE .01515000000000000000 .02475000000000000000 0.0    0.00001
607 CE .01515000000000000000 .02555000000000000000 0.0    0.00001
608 CE .01595000000000000000 .00075000000000000000 0.0    0.00001
609 CE .01595000000000000000 .00155000000000000000 0.0    0.00001
610 CE .01595000000000000000 .00235000000000000000 0.0    0.00001
611 CE .01595000000000000000 .00315000000000000000 0.0    0.00001
612 CE .01595000000000000000 .00395000000000000000 0.0    0.00001
613 CE .01595000000000000000 .00475000000000000000 0.0    0.00001
614 CE .01595000000000000000 .00555000000000000000 0.0    0.00001
615 CE .01595000000000000000 .00635000000000000000 0.0    0.00001
616 CE .01595000000000000000 .00715000000000000000 0.0    0.00001
617 CE .01595000000000000000 .00795000000000000000 0.0    0.00001
618 CE .01595000000000000000 .00875000000000000000 0.0    0.00001
619 CE .01595000000000000000 .00955000000000000000 0.0    0.00001
620 CE .01595000000000000000 .01035000000000000000 0.0    0.00001
621 CE .01595000000000000000 .01115000000000000000 0.0    0.00001
622 CE .01595000000000000000 .01195000000000000000 0.0    0.00001
623 CE .01595000000000000000 .01275000000000000000 0.0    0.00001
624 CE .01595000000000000000 .01355000000000000000 0.0    0.00001
625 CE .01595000000000000000 .01435000000000000000 0.0    0.00001
626 CE .01595000000000000000 .01515000000000000000 0.0    0.00001
627 CE .01595000000000000000 .01595000000000000000 0.0    0.00001
628 CE .01595000000000000000 .01675000000000000000 0.0    0.00001
629 CE .01595000000000000000 .01755000000000000000 0.0    0.00001
630 CE .01595000000000000000 .01835000000000000000 0.0    0.00001
631 CE .01595000000000000000 .01915000000000000000 0.0    0.00001
632 CE .01595000000000000000 .01995000000000000000 0.0    0.00001
633 CE .01595000000000000000 .02075000000000000000 0.0    0.00001
634 CE .01595000000000000000 .02155000000000000000 0.0    0.00001
635 CE .01595000000000000000 .02235000000000000000 0.0    0.00001
636 CE .01595000000000000000 .02315000000000000000 0.0    0.00001
637 CE .01595000000000000000 .02395000000000000000 0.0    0.00001
638 CE .01595000000000000000 .02475000000000000000 0.0    0.00001
639 CE .01595000000000000000 .02555000000000000000 0.0    0.00001
640 CE .01675000000000000000 .00075000000000000000 0.0    0.00001
641 CE .01675000000000000000 .00155000000000000000 0.0    0.00001
642 CE .01675000000000000000 .00235000000000000000 0.0    0.00001
643 CE .01675000000000000000 .00315000000000000000 0.0    0.00001
644 CE .01675000000000000000 .00395000000000000000 0.0    0.00001
645 CE .01675000000000000000 .00475000000000000000 0.0    0.00001
646 CE .01675000000000000000 .00555000000000000000 0.0    0.00001
647 CE .01675000000000000000 .00635000000000000000 0.0    0.00001
648 CE .01675000000000000000 .00715000000000000000 0.0    0.00001
649 CE .01675000000000000000 .00795000000000000000 0.0    0.00001
650 CE .01675000000000000000 .00875000000000000000 0.0    0.00001
651 CE .01675000000000000000 .00955000000000000000 0.0    0.00001
652 CE .01675000000000000000 .01035000000000000000 0.0    0.00001
653 CE .01675000000000000000 .01115000000000000000 0.0    0.00001
654 CE .01675000000000000000 .01195000000000000000 0.0    0.00001
655 CE .01675000000000000000 .01275000000000000000 0.0    0.00001
656 CE .01675000000000000000 .01355000000000000000 0.0    0.00001
657 CE .01675000000000000000 .01435000000000000000 0.0    0.00001
658 CE .01675000000000000000 .01515000000000000000 0.0    0.00001
659 CE .01675000000000000000 .01595000000000000000 0.0    0.00001
660 CE .01675000000000000000 .01675000000000000000 0.0    0.00001
661 CE .01675000000000000000 .01755000000000000000 0.0    0.00001
662 CE .01675000000000000000 .01835000000000000000 0.0    0.00001
663 CE .01675000000000000000 .01915000000000000000 0.0    0.00001
664 CE .01675000000000000000 .01995000000000000000 0.0    0.00001
665 CE .01675000000000000000 .02075000000000000000 0.0    0.00001
666 CE .01675000000000000000 .02155000000000000000 0.0    0.00001
667 CE .01675000000000000000 .02235000000000000000 0.0    0.00001
668 CE .01675000000000000000 .02315000000000000000 0.0    0.00001
669 CE .01675000000000000000 .02395000000000000000 0.0    0.00001
670 CE .01675000000000000000 .02475000000000000000 0.0    0.00001
671 CE .01675000000000000000 .02555000000000000000 0.0    0.00001
672 CE .01755000000000000000 .00075000000000000000 0.0    0.00001
673 CE .01755000000000000000 .00155000000000000000 0.0    0.00001
674 CE .01755000000000000000 .00235000000000000000 0.0    0.00001
675 CE .01755000000000000000 .00315000000000000000 0.0    0.00001
676 CE .01755000000000000000 .00395000000000000000 0.0    0.00001
677 CE .01755000000000000000 .00475000000000000000 0.0    0.00001
678 CE .01755000000000000000 .00555000000000000000 0.0    0.00001
679 CE .01755000000000000000 .00635000000000000000 0.0    0.00001
680 CE .01755000000000000000 .00715000000000000000 0.0    0.00001
681 CE .01755000000000000000 .00795000000000000000 0.0    0.00001
682 CE .01755000000000000000 .00875000000000000000 0.0    0.00001
683 CE .01755000000000000000 .00955000000000000000 0.0    0.00001
684 CE .01755000000000000000 .01035000000000000000 0.0    0.00001
685 CE .01755000000000000000 .01115000000000000000 0.0    0.00001
686 CE .01755000000000000000 .01195000000000000000 0.0    0.00001
687 CE .01755000000000000000 .01275000000000000000 0.0    0.00001
688 CE .01755000000000000000 .01355000000000000000 0.0    0.00001
689 CE .01755000000000000000 .01435000000000000000 0.0    0.00001
690 CE .01755000000000000000 .01515000000000000000 0.0    0.00001
691 CE .01755000000000000000 .01595000000000000000 0.0    0.00001
692 CE .01755000000000000000 .01675000000000000000 0.0    0.00001
693 CE .01755000000000000000 .01755000000000000000 0.0    0.00001
694 CE .01755000000000000000 .01835000000000000000 0.0    0.00001
695 CE .01755000000000000000 .01915000000000000000 0.0    0.00001
696 CE .01755000000000000000 .01995000000000000000 0.0    0.00001
697 CE .01755000000000000000 .02075000000000000000 0.0    0.00001
698 CE .01755000000000000000 .02155000000000000000 0.0    0.00001
699 CE .01755000000000000000 .02235000000000000000 0.0    0.00001
700 CE .01755000000000000000 .02315000000000000000 0.0    0.00001
701 CE .01755000000000000000 .02395000000000000000 0.0    0.00001
702 CE .01755000000000000000 .02475000000000000000 0.0    0.00001
703 CE .01755000000000000000 .02555000000000000000 0.0    0.00001
704 CE .01835000000000000000 .00075000000000000000 0.0    0.00001
705 CE .01835000000000000000 .00155000000000000000 0.0    0.00001
706 CE .01835000000000000000 .00235000000000000000 0.0    0.00001
707 CE .01835000000000000000 .00315000000000000000 0.0    0.00001
708 CE .01835000000000000000 .00395000000000000000 0.0    0.00001
709 CE .01835000000000000000 .00475000000000000000 0.0    0.00001
710 CE .01835000000000000000 .00555000000000000000 0.0    0.00001
711 CE .01835000000000000000 .00635000000000000000 0.0    0.00001
712 CE .01835000000000000000 .00715000000000000000 0.0    0.00001
713 CE .01835000000000000000 .00795000000000000000 0.0    0.00001
714 CE .01835000000000000000 .00875000000000000000 0.0    0.00001
715 CE .01835000000000000000 .00955000000000000000 0.0    0.00001
716 CE .01835000000000000000 .01035000000000000000 0.0    0.00001
717 CE .01835000000000000000 .01115000000000000000 0.0    0.00001
718 CE .01835000000000000000 .01195000000000000000 0.0    0.00001
719 CE .01835000000000000000 .01275000000000000000 0.0    0.00001
720 CE .01835000000000000000 .01355000000000000000 0.0    0.00001
721 CE .01835000000000000000 .01435000000000000000 0.0    0.00001
722 CE .01835000000000000000 .01515000000000000000 0.0    0.00001
723 CE .01835000000000000000 .01595000000000000000 0.0    0.00001
724 CE .01835000000000000000 .01675000000000000000 0.0    0.00001
725 CE .01835000000000000000 .01755000000000000000 0.0    0.00001
726 CE .01835000000000000000 .01835000000000000000 0.0    0.00001
727 CE .01835000000000000000 .01915000000000000000 0.0    0.00001
728 CE .01835000000000000000 .01995000000000000000 0.0    0.00001
729 CE .01835000000000000000 .02075000000000000000 0.0    0.00001
730 CE .01835000000000000000 .02155000000000000000 0.0    0.00001
731 CE .01835000000000000000 .02235000000000000000 0.0    0.00001
732 CE .01835000000000000000 .02315000000000000000 0.0    0.00001
733 CE .01835000000000000000 .02395000000000000000 0.0    0.00001
734 CE .01835000000000000000 .02475000000000000000 0.0    0.00001
735 CE .01835000000000000000 .02555000000000000000 0.0    0.00001
736 CE .01915000000000000000 .00075000000000000000 0.0    0.00001
737 CE .01915000000000000000 .00155000000000000000 0.0    0.00001
738 CE .01915000000000000000 .00235000000000000000 0.0    0.00001
739 CE .01915000000000000000 .00315000000000000000 0.0    0.00001
740 CE .01915000000000000000 .00395000000000000000 0.0    0.00001
741 CE .01915000000000000000 .00475000000000000000 0.0    0.00001
742 CE .01915000000000000000 .00555000000000000000 0.0    0.00001
743 CE .01915000000000000000 .00635000000000000000 0.0    0.00001
744 CE .01915000000000000000 .00715000000000000000 0.0    0.00001
745 CE .01915000000000000000 .00795000000000000000 0.0    0.00001
746 CE .01915000000000000000 .00875000000000000000 0.0    0.00001
747 CE .01915000000000000000 .00955000000000000000 0.0    0.00001
748 CE .01915000000000000000 .01035000000000000000 0.0    0.00001
749 CE .01915000000000000000 .01115000000000000000 0.0    0.00001
750 CE .01915000000000000000 .01195000000000000000 0.0    0.00001
751 CE .01915000000000000000 .01275000000000000000 0.0    0.00001
752 CE .01915000000000000000 .01355000000000000000 0.0    0.00001
753 CE .01915000000000000000 .01435000000000000000 0.0    0.00001
754 CE .01915000000000000000 .01515000000000000000 0.0    0.00001
755 CE .01915000000000000000 .01595000000000000000 0.0    0.00001
756 CE .01915000000000000000 .01675000000000000000 0.0    0.00001
757 CE .01915000000000000000 .01755000000000000000 0.0    0.00001
758 CE .01915000000000000000 .01835000000000000000 0.0    0.00001
759 CE .01915000000000000000 .01915000000000000000 0.0    0.00001
760 CE .01915000000000000000 .01995000000000000000 0.0    0.00001
761 CE .01915000000000000000 .02075000000000000000 0.0    0.00001
762 CE .01915000000000000000 .02155000000000000000 0.0    0.00001
763 CE .01915000000000000000 .02235000000000000000 0.0    0.00001
764 CE .01915000000000000000 .02315000000000000000 0.0    0.00001
765 CE .01915000000000000000 .02395000000000000000 0.0    0.00001
766 CE .01915000000000000000 .02475000000000000000 0.0    0.00001
767 CE .01915000000000000000 .02555000000000000000 0.0    0.00001
768 CE .01995000000000000000 .00075000000000000000 0.0    0.00001
769 CE .01995000000000000000 .00155000000000000000 0.0    0.00001
770 CE .01995000000000000000 .00235000000000000000 0.0    0.00001
771 CE .01995000000000000000 .00315000000000000000 0.0    0.00001
772 CE .01995000000000000000 .00395000000000000000 0.0    0.00001
773 CE .01995000000000000000 .00475000000000000000 0.0    0.00001
774 CE .01995000000000000000 .00555000000000000000 0.0    0.00001
775 CE .01995000000000000000 .00635000000000000000 0.0    0.00001
776 CE .01995000000000000000 .00715000000000000000 0.0    0.00001
777 CE .01995000000000000000 .00795000000000000000 0.0    0.00001
778 CE .01995000000000000000 .00875000000000000000 0.0    0.00001
779 CE .01995000000000000000 .00955000000000000000 0.0    0.00001
780 CE .01995000000000000000 .01035000000000000000 0.0    0.00001
781 CE .01995000000000000000 .01115000000000000000 0.0    0.00001
782 CE .01995000000000000000 .01195000000000000000 0.0    0.00001
783 CE .01995000000000000000 .01275000000000000000 0.0    0.00001
784 CE .01995000000000000000 .01355000000000000000 0.0    0.00001
785 CE .01995000000000000000 .01435000000000000000 0.0    0.00001
786 CE .01995000000000000000 .01515000000000000000 0.0    0.00001
787 CE .01995000000000000000 .01595000000000000000 0.0    0.00001
788 CE .01995000000000000000 .01675000000000000000 0.0    0.00001
789 CE .01995000000000000000 .01755000000000000000 0.0    0.00001
790 CE .01995000000000000000 .01835000000000000000 0.0    0.00001
791 CE .01995000000000000000 .01915000000000000000 0.0    0.00001
792 CE .01995000000000000000 .01995000000000000000 0.0    0.00001
793 CE .01995000000000000000 .02075000000000000000 0.0    0.00001
794 CE .01995000000000000000 .02155000000000000000 0.0    0.00001
795 CE .01995000000000000000 .02235000000000000000 0.0    0.00001
796 CE .01995000000000000000 .02315000000000000000 0.0    0.00001
797 CE .01995000000000000000 .02395000000000000000 0.0    0.00001
798 CE .01995000000000000000 .02475000000000000000 0.0    0.00001
799 CE .01995000000000000000 .02555000000000000000 0.0    0.00001
800 CE .02075000000000000000 .00075000000000000000 0.0    0.00001
801 CE .02075000000000000000 .00155000000000000000 0.0    0.00001
802 CE .02075000000000000000 .00235000000000000000 0.0    0.00001
803 CE .02075000000000000000 .00315000000000000000 0.0    0.00001
804 CE .02075000000000000000 .00395000000000000000 0.0    0.00001
805 CE .02075000000000000000 .00475000000000000000 0.0    0.00001
806 CE .02075000000000000000 .00555000000000000000 0.0    0.00001
807 CE .02075000000000000000 .00635000000000000000 0.0    0.00001
808 CE .02075000000000000000 .00715000000000000000 0.0    0.00001
809 CE .02075000000000000000 .00795000000000000000 0.0    0.00001
810 CE .02075000000000000000 .00875000000000000000 0.0    0.00001
811 CE .02075000000000000000 .00955000000000000000 0.0    0.00001
812 CE .02075000000000000000 .01035000000000000000 0.0    0.00001
813 CE .02075000000000000000 .01115000000000000000 0.0    0.00001
814 CE .02075000000000000000 .01195000000000000000 0.0    0.00001
815 CE .02075000000000000000 .01275000000000000000 0.0    0.00001
816 CE .02075000000000000000 .01355000000000000000 0.0    0.00001
817 CE .02075000000000000000 .01435000000000000000 0.0    0.00001
818 CE .02075000000000000000 .01515000000000000000 0.0    0.00001
819 CE .02075000000000000000 .01595000000000000000 0.0    0.00001
820 CE .02075000000000000000 .01675000000000000000 0.0    0.00001
821 CE .02075000000000000000 .01755000000000000000 0.0    0.00001
822 CE .02075000000000000000 .01835000000000000000 0.0    0.00001
823 CE .02075000000000000000 .01915000000000000000 0.0    0.00001
824 CE .02075000000000000000 .01995000000000000000 0.0    0.00001
825 CE .02075000000000000000 .02075000000000000000 0.0    0.00001
826 CE .02075000000000000000 .02155000000000000000 0.0    0.00001
827 CE .02075000000000000000 .02235000000000000000 0.0    0.00001
828 CE .02075000000000000000 .02315000000000000000 0.0    0.00001
829 CE .02075000000000000000 .02395000000000000000 0.0    0.00001
830 CE .02075000000000000000 .02475000000000000000 0.0    0.00001
831 CE .02075000000000000000 .02555000000000000000 0.0    0.00001
832 CE .02155000000000000000 .00075000000000000000 0.0    0.00001
833 CE .02155000000000000000 .00155000000000000000 0.0    0.00001
834 CE .02155000000000000000 .00235000000000000000 0.0    0.00001
835 CE .02155000000000000000 .00315000000000000000 0.0    0.00001
836 CE .02155000000000000000 .00395000000000000000 0.0    0.00001
837 CE .02155000000000000000 .00475000000000000000 0.0    0.00001
838 CE .02155000000000000000 .00555000000000000000 0.0    0.00001
839 CE .02155000000000000000 .00635000000000000000 0.0    0.00001
840 CE .02155000000000000000 .00715000000000000000 0.0    0.00001
841 CE .02155000000000000000 .00795000000000000000 0.0    0.00001
842 CE .02155000000000000000 .00875000000000000000 0.0    0.00001
843 CE .02155000000000000000 .00955000000000000000 0.0    0.00001
844 CE .02155000000000000000 .01035000000000000000 0.0    0.00001
845 CE .02155000000000000000 .01115000000000000000 0.0    0.00001
846 CE .02155000000000000000 .01195000000000000000 0.0    0.00001
847 CE .02155000000000000000 .01275000000000000000 0.0    0.00001
848 CE .02155000000000000000 .01355000000000000000 0.0    0.00001
849 CE .02155000000000000000 .01435000000000000000 0.0    0.00001
850 CE .02155000000000000000 .01515000000000000000 0.0    0.00001
851 CE .02155000000000000000 .01595000000000000000 0.0    0.00001
852 CE .02155000000000000000 .01675000000000000000 0.0    0.00001
853 CE .02155000000000000000 .01755000000000000000 0.0    0.00001
854 CE .02155000000000000000 .01835000000000000000 0.0    0.00001
855 CE .02155000000000000000 .01915000000000000000 0.0    0.00001
856 CE .02155000000000000000 .01995000000000000000 0.0    0.00001
857 CE .02155000000000000000 .02075000000000000000 0.0    0.00001
858 CE .02155000000000000000 .02155000000000000000 0.0    0.00001
859 CE .02155000000000000000 .02235000000000000000 0.0    0.00001
860 CE .02155000000000000000 .02315000000000000000 0.0    0.00001
861 CE .02155000000000000000 .02395000000000000000 0.0    0.00001
862 CE .02155000000000000000 .02475000000000000000 0.0    0.00001
863 CE .02155000000000000000 .02555000000000000000 0.0    0.00001
864 CE .02235000000000000000 .00075000000000000000 0.0    0.00001
865 CE .02235000000000000000 .00155000000000000000 0.0    0.00001
866 CE .02235000000000000000 .00235000000000000000 0.0    0.00001
867 CE .02235000000000000000 .00315000000000000000 0.0    0.00001
868 CE .02235000000000000000 .00395000000000000000 0.0    0.00001
869 CE .02235000000000000000 .00475000000000000000 0.0    0.00001
870 CE .02235000000000000000 .00555000000000000000 0.0    0.00001
871 CE .02235000000000000000 .00635000000000000000 0.0    0.00001
872 CE .02235000000000000000 .00715000000000000000 0.0    0.00001
873 CE .02235000000000000000 .00795000000000000000 0.0    0.00001
874 CE .02235000000000000000 .00875000000000000000 0.0    0.00001
875 CE .02235000000000000000 .00955000000000000000 0.0    0.00001
876 CE .02235000000000000000 .01035000000000000000 0.0    0.00001
877 CE .02235000000000000000 .01115000000000000000 0.0    0.00001
878 CE .02235000000000000000 .01195000000000000000 0.0    0.00001
879 CE .02235000000000000000 .01275000000000000000 0.0    0.00001
880 CE .02235000000000000000 .01355000000000000000 0.0    0.00001
881 CE .02235000000000000000 .01435000000000000000 0.0    0.00001
882 CE .02235000000000000000 .01515000000000000000 0.0    0.00001
883 CE .02235000000000000000 .01595000000000000000 0.0    0.00001
884 CE .02235000000000000000 .01675000000000000000 0.0    0.00001
885 CE .02235000000000000000 .01755000000000000000 0.0    0.00001
886 CE .02235000000000000000 .01835000000000000000 0.0    0.00001
887 CE .02235000000000000000 .01915000000000000000 0.0    0.00001
888 CE .02235000000000000000 .01995000000000000000 0.0    0.00001
889 CE .02235000000000000000 .02075000000000000000 0.0    0.00001
890 CE .02235000000000000000 .02155000000000000000 0.0    0.00001
891 CE .02235000000000000000 .02235000000000000000 0.0    0.00001
892 CE .02235000000000000000 .02315000000000000000 0.0    0.00001
893 CE .02235000000000000000 .02395000000000000000 0.0    0.00001
894 CE .02235000000000000000 .02475000000000000000 0.0    0.00001
895 CE .02235000000000000000 .02555000000000000000 0.0    0.00001
896 CE .02315000000000000000 .00075000000000000000 0.0    0.00001
897 CE .02315000000000000000 .00155000000000000000 0.0    0.00001
898 CE .02315000000000000000 .00235000000000000000 0.0    0.00001
899 CE .02315000000000000000 .00315000000000000000 0.0    0.00001
900 CE .02315000000000000000 .00395000000000000000 0.0    0.00001
901 CE .02315000000000000000 .00475000000000000000 0.0    0.00001
902 CE .02315000000000000000 .00555000000000000000 0.0    0.00001
903 CE .02315000000000000000 .00635000000000000000 0.0    0.00001
904 CE .02315000000000000000 .00715000000000000000 0.0    0.00001
905 CE .02315000000000000000 .00795000000000000000 0.0    0.00001
906 CE .02315000000000000000 .00875000000000000000 0.0    0.00001
907 CE .02315000000000000000 .00955000000000000000 0.0    0.00001
908 CE .02315000000000000000 .01035000000000000000 0.0    0.00001
909 CE .02315000000000000000 .01115000000000000000 0.0    0.00001
910 CE .02315000000000000000 .01195000000000000000 0.0    0.00001
911 CE .02315000000000000000 .01275000000000000000 0.0    0.00001
912 CE .02315000000000000000 .01355000000000000000 0.0    0.00001
913 CE .02315000000000000000 .01435000000000000000 0.0    0.00001
914 CE .02315000000000000000 .01515000000000000000 0.0    0.00001
915 CE .02315000000000000000 .01595000000000000000 0.0    0.00001
916 CE .02315000000000000000 .01675000000000000000 0.0    0.00001
917 CE .02315000000000000000 .01755000000000000000 0.0    0.00001
918 CE .02315000000000000000 .01835000000000000000 0.0    0.00001
919 CE .02315000000000000000 .01915000000000000000 0.0    0.00001
920 CE .02315000000000000000 .01995000000000000000 0.0    0.00001
921 CE .02315000000000000000 .02075000000000000000 0.0    0.00001
922 CE .02315000000000000000 .02155000000000000000 0.0    0.00001
923 CE .02315000000000000000 .02235000000000000000 0.0    0.00001
924 CE .02315000000000000000 .02315000000000000000 0.0    0.00001
925 CE .02315000000000000000 .02395000000000000000 0.0    0.00001
926 CE .02315000000000000000 .02475000000000000000 0.0    0.00001
927 CE .02315000000000000000 .02555000000000000000 0.0    0.00001
928 CE .02395000000000000000 .00075000000000000000 0.0    0.00001
929 CE .02395000000000000000 .00155000000000000000 0.0    0.00001
930 CE .02395000000000000000 .00235000000000000000 0.0    0.00001
931 CE .02395000000000000000 .00315000000000000000 0.0    0.00001
932 CE .02395000000000000000 .00395000000000000000 0.0    0.00001
933 CE .02395000000000000000 .00475000000000000000 0.0    0.00001
934 CE .02395000000000000000 .00555000000000000000 0.0    0.00001
935 CE .02395000000000000000 .00635000000000000000 0.0    0.00001
936 CE .02395000000000000000 .00715000000000000000 0.0    0.00001
937 CE .02395000000000000000 .00795000000000000000 0.0    0.00001
938 CE .02395000000000000000 .00875000000000000000 0.0    0.00001
939 CE .02395000000000000000 .00955000000000000000 0.0    0.00001
940 CE .02395000000000000000 .01035000000000000000 0.0    0.00001
941 CE .02395000000000000000 .01115000000000000000 0.0    0.00001
942 CE .02395000000000000000 .01195000000000000000 0.0    0.00001
943 CE .02395000000000000000 .01275000000000000000 0.0    0.00001
944 CE .02395000000000000000 .01355000000000000000 0.0    0.00001
945 CE .02395000000000000000 .01435000000000000000 0.0    0.00001
946 CE .02395000000000000000 .01515000000000000000 0.0    0.00001
947 CE .02395000000000000000 .01595000000000000000 0.0    0.00001
948 CE .02395000000000000000 .01675000000000000000 0.0    0.00001
949 CE .02395000000000000000 .01755000000000000000 0.0    0.00001
950 CE .02395000000000000000 .01835000000000000000 0.0    0.00001
951 CE .02395000000000000000 .01915000000000000000 0.0    0.00001
952 CE .02395000000000000000 .01995000000000000000 0.0    0.00001
953 CE .02395000000000000000 .02075000000000000000 0.0    0.00001
954 CE .02395000000000000000 .02155000000000000000 0.0    0.00001
955 CE .02395000000000000000 .02235000000000000000 0.0    0.00001
956 CE .02395000000000000000 .02315000000000000000 0.0    0.00001
957 CE .02395000000000000000 .02395000000000000000 0.0    0.00001
958 CE .02395000000000000000 .02475000000000000000 0.0    0.00001
959 CE .02395000000000000000 .02555000000000000000 0.0    0.00001
960 CE .02475000000000000000 .00075000000000000000 0.0    0.00001
961 CE .02475000000000000000 .00155000000000000000 0.0    0.00001
962 CE .02475000000000000000 .00235000000000000000 0.0    0.00001
963 CE .02475000000000000000 .00315000000000000000 0.0    0.00001
964 CE .02475000000000000000 .00395000000000000000 0.0    0.00001
965 CE .02475000000000000000 .00475000000000000000 0.0    0.00001
966 CE .02475000000000000000 .00555000000000000000 0.0    0.00001
967 CE .02475000000000000000 .00635000000000000000 0.0    0.00001
968 CE .02475000000000000000 .00715000000000000000 0.0    0.00001
969 CE .02475000000000000000 .00795000000000000000 0.0    0.00001
970 CE .02475000000000000000 .00875000000000000000 0.0    0.00001
971 CE .02475000000000000000 .00955000000000000000 0.0    0.00001
972 CE .02475000000000000000 .01035000000000000000 0.0    0.00001
973 CE .02475000000000000000 .01115000000000000000 0.0    0.00001
974 CE .02475000000000000000 .01195000000000000000 0.0    0.00001
975 CE .02475000000000000000 .01275000000000000000 0.0    0.00001
976 CE .02475000000000000000 .01355000000000000000 0.0    0.00001
977 CE .02475000000000000000 .01435000000000000000 0.0    0.00001
978 CE .02475000000000000000 .01515000000000000000 0.0    0.00001
979 CE .02475000000000000000 .01595000000000000000 0.0    0.00001
980 CE .02475000000000000000 .01675000000000000000 0.0    0.00001
981 CE .02475000000000000000 .01755000000000000000 0.0    0.00001
982 CE .02475000000000000000 .01835000000000000000 0.0    0.00001
983 CE .02475000000000000000 .01915000000000000000 0.0    0.00001
984 CE .02475000000000000000 .01995000000000000000 0.0    0.00001
985 CE .02475000000000000000 .02075000000000000000 0.0    0.00001
986 CE .02475000000000000000 .02155000000000000000 0.0    0.00001
987 CE .02475000000000000000 .02235000000000000000 0.0    0.00001
988 CE .02475000000000000000 .02315000000000000000 0.0    0.00001
989 CE .02475000000000000000 .02395000000000000000 0.0    0.00001
990 CE .02475000000000000000 .02475000000000000000 0.0    0.00001
991 CE .02475000000000000000 .02555000000000000000 0.0    0.00001
992 CE .02555000000000000000 .00075000000000000000 0.0    0.00001
993 CE .02555000000000000000 .00155000000000000000 0.0    0.00001
994 CE .02555000000000000000 .00235000000000000000 0.0    0.00001
995 CE .02555000000000000000 .00315000000000000000 0.0    0.00001
996 CE .02555000000000000000 .00395000000000000000 0.0    0.00001
997 CE .02555000000000000000 .00475000000000000000 0.0    0.00001
998 CE .02555000000000000000 .00555000000000000000 0.0    0.00001
999 CE .02555000000000000000 .00635000000000000000 0.0    0.00001
1000 CE .02555000000000000000 .00715000000000000000 0.0    0.00001
1001 CE .02555000000000000000 .00795000000000000000 0.0    0.00001
1002 CE .02555000000000000000 .00875000000000000000 0.0    0.00001
1003 CE .02555000000000000000 .00955000000000000000 0.0    0.00001
1004 CE .02555000000000000000 .01035000000000000000 0.0    0.00001
1005 CE .02555000000000000000 .01115000000000000000 0.0    0.00001
1006 CE .02555000000000000000 .01195000000000000000 0.0    0.00001
1007 CE .02555000000000000000 .01275000000000000000 0.0    0.00001
1008 CE .02555000000000000000 .01355000000000000000 0.0    0.00001
1009 CE .02555000000000000000 .01435000000000000000 0.0    0.00001
1010 CE .02555000000000000000 .01515000000000000000 0.0    0.00001
1011 CE .02555000000000000000 .01595000000000000000 0.0    0.00001
1012 CE .02555000000000000000 .01675000000000000000 0.0    0.00001
1013 CE .02555000000000000000 .01755000000000000000 0.0    0.00001
1014 CE .02555000000000000000 .01835000000000000000 0.0    0.00001
1015 CE .02555000000000000000 .01915000000000000000 0.0    0.00001
1016 CE .02555000000000000000 .01995000000000000000 0.0    0.00001
1017 CE .02555000000000000000 .02075000000000000000 0.0    0.00001
1018 CE .02555000000000000000 .02155000000000000000 0.0    0.00001
1019 CE .02555000000000000000 .02235000000000000000 0.0    0.00001
1020 CE .02555000000000000000 .02315000000000000000 0.0    0.00001
1021 CE .02555000000000000000 .02395000000000000000 0.0    0.00001
1022 CE .02555000000000000000 .02475000000000000000 0.0    0.00001
1023 CE .02555000000000000000 .02555000000000000000 0.0    0.00001
