0 CE .00075000000000000000 .00075000000000000000 0.0    0.02559
1 CE .00075000000000000000 .00155000000000000000 0.0    0.02559
2 CE .00075000000000000000 .00235000000000000000 0.0    0.02559
3 CE .00075000000000000000 .00315000000000000000 0.0    0.02559
4 CE .00075000000000000000 .00395000000000000000 0.0    0.02559
5 CE .00075000000000000000 .00475000000000000000 0.0    0.02559
6 CE .00075000000000000000 .00555000000000000000 0.0    0.02559
7 CE .00075000000000000000 .00635000000000000000 0.0    0.02559
8 CE .00075000000000000000 .00715000000000000000 0.0    0.02559
9 CE .00075000000000000000 .00795000000000000000 0.0    0.02559
10 CE .00075000000000000000 .00875000000000000000 0.0    0.02559
11 CE .00075000000000000000 .00955000000000000000 0.0    0.02559
12 CE .00075000000000000000 .01035000000000000000 0.0    0.02559
13 CE .00075000000000000000 .01115000000000000000 0.0    0.02559
14 CE .00075000000000000000 .01195000000000000000 0.0    0.02559
15 CE .00075000000000000000 .01275000000000000000 0.0    0.02559
16 CE .00075000000000000000 .01355000000000000000 0.0    0.02559
17 CE .00075000000000000000 .01435000000000000000 0.0    0.02559
18 CE .00075000000000000000 .01515000000000000000 0.0    0.02559
19 CE .00075000000000000000 .01595000000000000000 0.0    0.02559
20 CE .00075000000000000000 .01675000000000000000 0.0    0.02559
21 CE .00075000000000000000 .01755000000000000000 0.0    0.02559
22 CE .00075000000000000000 .01835000000000000000 0.0    0.02559
23 CE .00075000000000000000 .01915000000000000000 0.0    0.02559
24 CE .00075000000000000000 .01995000000000000000 0.0    0.02559
25 CE .00075000000000000000 .02075000000000000000 0.0    0.02559
26 CE .00075000000000000000 .02155000000000000000 0.0    0.02559
27 CE .00075000000000000000 .02235000000000000000 0.0    0.02559
28 CE .00075000000000000000 .02315000000000000000 0.0    0.02559
29 CE .00075000000000000000 .02395000000000000000 0.0    0.02559
30 CE .00075000000000000000 .02475000000000000000 0.0    0.02559
31 CE .00075000000000000000 .02555000000000000000 0.0    0.02559
32 CE .00155000000000000000 .00075000000000000000 0.0    0.02559
33 CE .00155000000000000000 .00155000000000000000 0.0    0.02559
34 CE .00155000000000000000 .00235000000000000000 0.0    0.02559
35 CE .00155000000000000000 .00315000000000000000 0.0    0.02559
36 CE .00155000000000000000 .00395000000000000000 0.0    0.02559
37 CE .00155000000000000000 .00475000000000000000 0.0    0.02559
38 CE .00155000000000000000 .00555000000000000000 0.0    0.02559
39 CE .00155000000000000000 .00635000000000000000 0.0    0.02559
40 CE .00155000000000000000 .00715000000000000000 0.0    0.02559
41 CE .00155000000000000000 .00795000000000000000 0.0    0.02559
42 CE .00155000000000000000 .00875000000000000000 0.0    0.02559
43 CE .00155000000000000000 .00955000000000000000 0.0    0.02559
44 CE .00155000000000000000 .01035000000000000000 0.0    0.02559
45 CE .00155000000000000000 .01115000000000000000 0.0    0.02559
46 CE .00155000000000000000 .01195000000000000000 0.0    0.02559
47 CE .00155000000000000000 .01275000000000000000 0.0    0.02559
48 CE .00155000000000000000 .01355000000000000000 0.0    0.02559
49 CE .00155000000000000000 .01435000000000000000 0.0    0.02559
50 CE .00155000000000000000 .01515000000000000000 0.0    0.02559
51 CE .00155000000000000000 .01595000000000000000 0.0    0.02559
52 CE .00155000000000000000 .01675000000000000000 0.0    0.02559
53 CE .00155000000000000000 .01755000000000000000 0.0    0.02559
54 CE .00155000000000000000 .01835000000000000000 0.0    0.02559
55 CE .00155000000000000000 .01915000000000000000 0.0    0.02559
56 CE .00155000000000000000 .01995000000000000000 0.0    0.02559
57 CE .00155000000000000000 .02075000000000000000 0.0    0.02559
58 CE .00155000000000000000 .02155000000000000000 0.0    0.02559
59 CE .00155000000000000000 .02235000000000000000 0.0    0.02559
60 CE .00155000000000000000 .02315000000000000000 0.0    0.02559
61 CE .00155000000000000000 .02395000000000000000 0.0    0.02559
62 CE .00155000000000000000 .02475000000000000000 0.0    0.02559
63 CE .00155000000000000000 .02555000000000000000 0.0    0.02559
64 CE .00235000000000000000 .00075000000000000000 0.0    0.02559
65 CE .00235000000000000000 .00155000000000000000 0.0    0.02559
66 CE .00235000000000000000 .00235000000000000000 0.0    0.02559
67 CE .00235000000000000000 .00315000000000000000 0.0    0.02559
68 CE .00235000000000000000 .00395000000000000000 0.0    0.02559
69 CE .00235000000000000000 .00475000000000000000 0.0    0.02559
70 CE .00235000000000000000 .00555000000000000000 0.0    0.02559
71 CE .00235000000000000000 .00635000000000000000 0.0    0.02559
72 CE .00235000000000000000 .00715000000000000000 0.0    0.02559
73 CE .00235000000000000000 .00795000000000000000 0.0    0.02559
74 CE .00235000000000000000 .00875000000000000000 0.0    0.02559
75 CE .00235000000000000000 .00955000000000000000 0.0    0.02559
76 CE .00235000000000000000 .01035000000000000000 0.0    0.02559
77 CE .00235000000000000000 .01115000000000000000 0.0    0.02559
78 CE .00235000000000000000 .01195000000000000000 0.0    0.02559
79 CE .00235000000000000000 .01275000000000000000 0.0    0.02559
80 CE .00235000000000000000 .01355000000000000000 0.0    0.02559
81 CE .00235000000000000000 .01435000000000000000 0.0    0.02559
82 CE .00235000000000000000 .01515000000000000000 0.0    0.02559
83 CE .00235000000000000000 .01595000000000000000 0.0    0.02559
84 CE .00235000000000000000 .01675000000000000000 0.0    0.02559
85 CE .00235000000000000000 .01755000000000000000 0.0    0.02559
86 CE .00235000000000000000 .01835000000000000000 0.0    0.02559
87 CE .00235000000000000000 .01915000000000000000 0.0    0.02559
88 CE .00235000000000000000 .01995000000000000000 0.0    0.02559
89 CE .00235000000000000000 .02075000000000000000 0.0    0.02559
90 CE .00235000000000000000 .02155000000000000000 0.0    0.02559
91 CE .00235000000000000000 .02235000000000000000 0.0    0.02559
92 CE .00235000000000000000 .02315000000000000000 0.0    0.02559
93 CE .00235000000000000000 .02395000000000000000 0.0    0.02559
94 CE .00235000000000000000 .02475000000000000000 0.0    0.02559
95 CE .00235000000000000000 .02555000000000000000 0.0    0.02559
96 CE .00315000000000000000 .00075000000000000000 0.0    0.02559
97 CE .00315000000000000000 .00155000000000000000 0.0    0.02559
98 CE .00315000000000000000 .00235000000000000000 0.0    0.02559
99 CE .00315000000000000000 .00315000000000000000 0.0    0.02559
100 CE .00315000000000000000 .00395000000000000000 0.0    0.02559
101 CE .00315000000000000000 .00475000000000000000 0.0    0.02559
102 CE .00315000000000000000 .00555000000000000000 0.0    0.02559
103 CE .00315000000000000000 .00635000000000000000 0.0    0.02559
104 CE .00315000000000000000 .00715000000000000000 0.0    0.02559
105 CE .00315000000000000000 .00795000000000000000 0.0    0.02559
106 CE .00315000000000000000 .00875000000000000000 0.0    0.02559
107 CE .00315000000000000000 .00955000000000000000 0.0    0.02559
108 CE .00315000000000000000 .01035000000000000000 0.0    0.02559
109 CE .00315000000000000000 .01115000000000000000 0.0    0.02559
110 CE .00315000000000000000 .01195000000000000000 0.0    0.02559
111 CE .00315000000000000000 .01275000000000000000 0.0    0.02559
112 CE .00315000000000000000 .01355000000000000000 0.0    0.02559
113 CE .00315000000000000000 .01435000000000000000 0.0    0.02559
114 CE .00315000000000000000 .01515000000000000000 0.0    0.02559
115 CE .00315000000000000000 .01595000000000000000 0.0    0.02559
116 CE .00315000000000000000 .01675000000000000000 0.0    0.02559
117 CE .00315000000000000000 .01755000000000000000 0.0    0.02559
118 CE .00315000000000000000 .01835000000000000000 0.0    0.02559
119 CE .00315000000000000000 .01915000000000000000 0.0    0.02559
120 CE .00315000000000000000 .01995000000000000000 0.0    0.02559
121 CE .00315000000000000000 .02075000000000000000 0.0    0.02559
122 CE .00315000000000000000 .02155000000000000000 0.0    0.02559
123 CE .00315000000000000000 .02235000000000000000 0.0    0.02559
124 CE .00315000000000000000 .02315000000000000000 0.0    0.02559
125 CE .00315000000000000000 .02395000000000000000 0.0    0.02559
126 CE .00315000000000000000 .02475000000000000000 0.0    0.02559
127 CE .00315000000000000000 .02555000000000000000 0.0    0.02559
128 CE .00395000000000000000 .00075000000000000000 0.0    0.02559
129 CE .00395000000000000000 .00155000000000000000 0.0    0.02559
130 CE .00395000000000000000 .00235000000000000000 0.0    0.02559
131 CE .00395000000000000000 .00315000000000000000 0.0    0.02559
132 CE .00395000000000000000 .00395000000000000000 0.0    0.02559
133 CE .00395000000000000000 .00475000000000000000 0.0    0.02559
134 CE .00395000000000000000 .00555000000000000000 0.0    0.02559
135 CE .00395000000000000000 .00635000000000000000 0.0    0.02559
136 CE .00395000000000000000 .00715000000000000000 0.0    0.02559
137 CE .00395000000000000000 .00795000000000000000 0.0    0.02559
138 CE .00395000000000000000 .00875000000000000000 0.0    0.02559
139 CE .00395000000000000000 .00955000000000000000 0.0    0.02559
140 CE .00395000000000000000 .01035000000000000000 0.0    0.02559
141 CE .00395000000000000000 .01115000000000000000 0.0    0.02559
142 CE .00395000000000000000 .01195000000000000000 0.0    0.02559
143 CE .00395000000000000000 .01275000000000000000 0.0    0.02559
144 CE .00395000000000000000 .01355000000000000000 0.0    0.02559
145 CE .00395000000000000000 .01435000000000000000 0.0    0.02559
146 CE .00395000000000000000 .01515000000000000000 0.0    0.02559
147 CE .00395000000000000000 .01595000000000000000 0.0    0.02559
148 CE .00395000000000000000 .01675000000000000000 0.0    0.02559
149 CE .00395000000000000000 .01755000000000000000 0.0    0.02559
150 CE .00395000000000000000 .01835000000000000000 0.0    0.02559
151 CE .00395000000000000000 .01915000000000000000 0.0    0.02559
152 CE .00395000000000000000 .01995000000000000000 0.0    0.02559
153 CE .00395000000000000000 .02075000000000000000 0.0    0.02559
154 CE .00395000000000000000 .02155000000000000000 0.0    0.02559
155 CE .00395000000000000000 .02235000000000000000 0.0    0.02559
156 CE .00395000000000000000 .02315000000000000000 0.0    0.02559
157 CE .00395000000000000000 .02395000000000000000 0.0    0.02559
158 CE .00395000000000000000 .02475000000000000000 0.0    0.02559
159 CE .00395000000000000000 .02555000000000000000 0.0    0.02559
160 CE .00475000000000000000 .00075000000000000000 0.0    0.02559
161 CE .00475000000000000000 .00155000000000000000 0.0    0.02559
162 CE .00475000000000000000 .00235000000000000000 0.0    0.02559
163 CE .00475000000000000000 .00315000000000000000 0.0    0.02559
164 CE .00475000000000000000 .00395000000000000000 0.0    0.02559
165 CE .00475000000000000000 .00475000000000000000 0.0    0.02559
166 CE .00475000000000000000 .00555000000000000000 0.0    0.02559
167 CE .00475000000000000000 .00635000000000000000 0.0    0.02559
168 CE .00475000000000000000 .00715000000000000000 0.0    0.02559
169 CE .00475000000000000000 .00795000000000000000 0.0    0.02559
170 CE .00475000000000000000 .00875000000000000000 0.0    0.02559
171 CE .00475000000000000000 .00955000000000000000 0.0    0.02559
172 CE .00475000000000000000 .01035000000000000000 0.0    0.02559
173 CE .00475000000000000000 .01115000000000000000 0.0    0.02559
174 CE .00475000000000000000 .01195000000000000000 0.0    0.02559
175 CE .00475000000000000000 .01275000000000000000 0.0    0.02559
176 CE .00475000000000000000 .01355000000000000000 0.0    0.02559
177 CE .00475000000000000000 .01435000000000000000 0.0    0.02559
178 CE .00475000000000000000 .01515000000000000000 0.0    0.02559
179 CE .00475000000000000000 .01595000000000000000 0.0    0.02559
180 CE .00475000000000000000 .01675000000000000000 0.0    0.02559
181 CE .00475000000000000000 .01755000000000000000 0.0    0.02559
182 CE .00475000000000000000 .01835000000000000000 0.0    0.02559
183 CE .00475000000000000000 .01915000000000000000 0.0    0.02559
184 CE .00475000000000000000 .01995000000000000000 0.0    0.02559
185 CE .00475000000000000000 .02075000000000000000 0.0    0.02559
186 CE .00475000000000000000 .02155000000000000000 0.0    0.02559
187 CE .00475000000000000000 .02235000000000000000 0.0    0.02559
188 CE .00475000000000000000 .02315000000000000000 0.0    0.02559
189 CE .00475000000000000000 .02395000000000000000 0.0    0.02559
190 CE .00475000000000000000 .02475000000000000000 0.0    0.02559
191 CE .00475000000000000000 .02555000000000000000 0.0    0.02559
192 CE .00555000000000000000 .00075000000000000000 0.0    0.02559
193 CE .00555000000000000000 .00155000000000000000 0.0    0.02559
194 CE .00555000000000000000 .00235000000000000000 0.0    0.02559
195 CE .00555000000000000000 .00315000000000000000 0.0    0.02559
196 CE .00555000000000000000 .00395000000000000000 0.0    0.02559
197 CE .00555000000000000000 .00475000000000000000 0.0    0.02559
198 CE .00555000000000000000 .00555000000000000000 0.0    0.02559
199 CE .00555000000000000000 .00635000000000000000 0.0    0.02559
200 CE .00555000000000000000 .00715000000000000000 0.0    0.02559
201 CE .00555000000000000000 .00795000000000000000 0.0    0.02559
202 CE .00555000000000000000 .00875000000000000000 0.0    0.02559
203 CE .00555000000000000000 .00955000000000000000 0.0    0.02559
204 CE .00555000000000000000 .01035000000000000000 0.0    0.02559
205 CE .00555000000000000000 .01115000000000000000 0.0    0.02559
206 CE .00555000000000000000 .01195000000000000000 0.0    0.02559
207 CE .00555000000000000000 .01275000000000000000 0.0    0.02559
208 CE .00555000000000000000 .01355000000000000000 0.0    0.02559
209 CE .00555000000000000000 .01435000000000000000 0.0    0.02559
210 CE .00555000000000000000 .01515000000000000000 0.0    0.02559
211 CE .00555000000000000000 .01595000000000000000 0.0    0.02559
212 CE .00555000000000000000 .01675000000000000000 0.0    0.02559
213 CE .00555000000000000000 .01755000000000000000 0.0    0.02559
214 CE .00555000000000000000 .01835000000000000000 0.0    0.02559
215 CE .00555000000000000000 .01915000000000000000 0.0    0.02559
216 CE .00555000000000000000 .01995000000000000000 0.0    0.02559
217 CE .00555000000000000000 .02075000000000000000 0.0    0.02559
218 CE .00555000000000000000 .02155000000000000000 0.0    0.02559
219 CE .00555000000000000000 .02235000000000000000 0.0    0.02559
220 CE .00555000000000000000 .02315000000000000000 0.0    0.02559
221 CE .00555000000000000000 .02395000000000000000 0.0    0.02559
222 CE .00555000000000000000 .02475000000000000000 0.0    0.02559
223 CE .00555000000000000000 .02555000000000000000 0.0    0.02559
224 CE .00635000000000000000 .00075000000000000000 0.0    0.02559
225 CE .00635000000000000000 .00155000000000000000 0.0    0.02559
226 CE .00635000000000000000 .00235000000000000000 0.0    0.02559
227 CE .00635000000000000000 .00315000000000000000 0.0    0.02559
228 CE .00635000000000000000 .00395000000000000000 0.0    0.02559
229 CE .00635000000000000000 .00475000000000000000 0.0    0.02559
230 CE .00635000000000000000 .00555000000000000000 0.0    0.02559
231 CE .00635000000000000000 .00635000000000000000 0.0    0.02559
232 CE .00635000000000000000 .00715000000000000000 0.0    0.02559
233 CE .00635000000000000000 .00795000000000000000 0.0    0.02559
234 CE .00635000000000000000 .00875000000000000000 0.0    0.02559
235 CE .00635000000000000000 .00955000000000000000 0.0    0.02559
236 CE .00635000000000000000 .01035000000000000000 0.0    0.02559
237 CE .00635000000000000000 .01115000000000000000 0.0    0.02559
238 CE .00635000000000000000 .01195000000000000000 0.0    0.02559
239 CE .00635000000000000000 .01275000000000000000 0.0    0.02559
240 CE .00635000000000000000 .01355000000000000000 0.0    0.02559
241 CE .00635000000000000000 .01435000000000000000 0.0    0.02559
242 CE .00635000000000000000 .01515000000000000000 0.0    0.02559
243 CE .00635000000000000000 .01595000000000000000 0.0    0.02559
244 CE .00635000000000000000 .01675000000000000000 0.0    0.02559
245 CE .00635000000000000000 .01755000000000000000 0.0    0.02559
246 CE .00635000000000000000 .01835000000000000000 0.0    0.02559
247 CE .00635000000000000000 .01915000000000000000 0.0    0.02559
248 CE .00635000000000000000 .01995000000000000000 0.0    0.02559
249 CE .00635000000000000000 .02075000000000000000 0.0    0.02559
250 CE .00635000000000000000 .02155000000000000000 0.0    0.02559
251 CE .00635000000000000000 .02235000000000000000 0.0    0.02559
252 CE .00635000000000000000 .02315000000000000000 0.0    0.02559
253 CE .00635000000000000000 .02395000000000000000 0.0    0.02559
254 CE .00635000000000000000 .02475000000000000000 0.0    0.02559
255 CE .00635000000000000000 .02555000000000000000 0.0    0.02559
256 CE .00715000000000000000 .00075000000000000000 0.0    0.02559
257 CE .00715000000000000000 .00155000000000000000 0.0    0.02559
258 CE .00715000000000000000 .00235000000000000000 0.0    0.02559
259 CE .00715000000000000000 .00315000000000000000 0.0    0.02559
260 CE .00715000000000000000 .00395000000000000000 0.0    0.02559
261 CE .00715000000000000000 .00475000000000000000 0.0    0.02559
262 CE .00715000000000000000 .00555000000000000000 0.0    0.02559
263 CE .00715000000000000000 .00635000000000000000 0.0    0.02559
264 CE .00715000000000000000 .00715000000000000000 0.0    0.02559
265 CE .00715000000000000000 .00795000000000000000 0.0    0.02559
266 CE .00715000000000000000 .00875000000000000000 0.0    0.02559
267 CE .00715000000000000000 .00955000000000000000 0.0    0.02559
268 CE .00715000000000000000 .01035000000000000000 0.0    0.02559
269 CE .00715000000000000000 .01115000000000000000 0.0    0.02559
270 CE .00715000000000000000 .01195000000000000000 0.0    0.02559
271 CE .00715000000000000000 .01275000000000000000 0.0    0.02559
272 CE .00715000000000000000 .01355000000000000000 0.0    0.02559
273 CE .00715000000000000000 .01435000000000000000 0.0    0.02559
274 CE .00715000000000000000 .01515000000000000000 0.0    0.02559
275 CE .00715000000000000000 .01595000000000000000 0.0    0.02559
276 CE .00715000000000000000 .01675000000000000000 0.0    0.02559
277 CE .00715000000000000000 .01755000000000000000 0.0    0.02559
278 CE .00715000000000000000 .01835000000000000000 0.0    0.02559
279 CE .00715000000000000000 .01915000000000000000 0.0    0.02559
280 CE .00715000000000000000 .01995000000000000000 0.0    0.02559
281 CE .00715000000000000000 .02075000000000000000 0.0    0.02559
282 CE .00715000000000000000 .02155000000000000000 0.0    0.02559
283 CE .00715000000000000000 .02235000000000000000 0.0    0.02559
284 CE .00715000000000000000 .02315000000000000000 0.0    0.02559
285 CE .00715000000000000000 .02395000000000000000 0.0    0.02559
286 CE .00715000000000000000 .02475000000000000000 0.0    0.02559
287 CE .00715000000000000000 .02555000000000000000 0.0    0.02559
288 CE .00795000000000000000 .00075000000000000000 0.0    0.02559
289 CE .00795000000000000000 .00155000000000000000 0.0    0.02559
290 CE .00795000000000000000 .00235000000000000000 0.0    0.02559
291 CE .00795000000000000000 .00315000000000000000 0.0    0.02559
292 CE .00795000000000000000 .00395000000000000000 0.0    0.02559
293 CE .00795000000000000000 .00475000000000000000 0.0    0.02559
294 CE .00795000000000000000 .00555000000000000000 0.0    0.02559
295 CE .00795000000000000000 .00635000000000000000 0.0    0.02559
296 CE .00795000000000000000 .00715000000000000000 0.0    0.02559
297 CE .00795000000000000000 .00795000000000000000 0.0    0.02559
298 CE .00795000000000000000 .00875000000000000000 0.0    0.02559
299 CE .00795000000000000000 .00955000000000000000 0.0    0.02559
300 CE .00795000000000000000 .01035000000000000000 0.0    0.02559
301 CE .00795000000000000000 .01115000000000000000 0.0    0.02559
302 CE .00795000000000000000 .01195000000000000000 0.0    0.02559
303 CE .00795000000000000000 .01275000000000000000 0.0    0.02559
304 CE .00795000000000000000 .01355000000000000000 0.0    0.02559
305 CE .00795000000000000000 .01435000000000000000 0.0    0.02559
306 CE .00795000000000000000 .01515000000000000000 0.0    0.02559
307 CE .00795000000000000000 .01595000000000000000 0.0    0.02559
308 CE .00795000000000000000 .01675000000000000000 0.0    0.02559
309 CE .00795000000000000000 .01755000000000000000 0.0    0.02559
310 CE .00795000000000000000 .01835000000000000000 0.0    0.02559
311 CE .00795000000000000000 .01915000000000000000 0.0    0.02559
312 CE .00795000000000000000 .01995000000000000000 0.0    0.02559
313 CE .00795000000000000000 .02075000000000000000 0.0    0.02559
314 CE .00795000000000000000 .02155000000000000000 0.0    0.02559
315 CE .00795000000000000000 .02235000000000000000 0.0    0.02559
316 CE .00795000000000000000 .02315000000000000000 0.0    0.02559
317 CE .00795000000000000000 .02395000000000000000 0.0    0.02559
318 CE .00795000000000000000 .02475000000000000000 0.0    0.02559
319 CE .00795000000000000000 .02555000000000000000 0.0    0.02559
320 CE .00875000000000000000 .00075000000000000000 0.0    0.02559
321 CE .00875000000000000000 .00155000000000000000 0.0    0.02559
322 CE .00875000000000000000 .00235000000000000000 0.0    0.02559
323 CE .00875000000000000000 .00315000000000000000 0.0    0.02559
324 CE .00875000000000000000 .00395000000000000000 0.0    0.02559
325 CE .00875000000000000000 .00475000000000000000 0.0    0.02559
326 CE .00875000000000000000 .00555000000000000000 0.0    0.02559
327 CE .00875000000000000000 .00635000000000000000 0.0    0.02559
328 CE .00875000000000000000 .00715000000000000000 0.0    0.02559
329 CE .00875000000000000000 .00795000000000000000 0.0    0.02559
330 CE .00875000000000000000 .00875000000000000000 0.0    0.02559
331 CE .00875000000000000000 .00955000000000000000 0.0    0.02559
332 CE .00875000000000000000 .01035000000000000000 0.0    0.02559
333 CE .00875000000000000000 .01115000000000000000 0.0    0.02559
334 CE .00875000000000000000 .01195000000000000000 0.0    0.02559
335 CE .00875000000000000000 .01275000000000000000 0.0    0.02559
336 CE .00875000000000000000 .01355000000000000000 0.0    0.02559
337 CE .00875000000000000000 .01435000000000000000 0.0    0.02559
338 CE .00875000000000000000 .01515000000000000000 0.0    0.02559
339 CE .00875000000000000000 .01595000000000000000 0.0    0.02559
340 CE .00875000000000000000 .01675000000000000000 0.0    0.02559
341 CE .00875000000000000000 .01755000000000000000 0.0    0.02559
342 CE .00875000000000000000 .01835000000000000000 0.0    0.02559
343 CE .00875000000000000000 .01915000000000000000 0.0    0.02559
344 CE .00875000000000000000 .01995000000000000000 0.0    0.02559
345 CE .00875000000000000000 .02075000000000000000 0.0    0.02559
346 CE .00875000000000000000 .02155000000000000000 0.0    0.02559
347 CE .00875000000000000000 .02235000000000000000 0.0    0.02559
348 CE .00875000000000000000 .02315000000000000000 0.0    0.02559
349 CE .00875000000000000000 .02395000000000000000 0.0    0.02559
350 CE .00875000000000000000 .02475000000000000000 0.0    0.02559
351 CE .00875000000000000000 .02555000000000000000 0.0    0.02559
352 CE .00955000000000000000 .00075000000000000000 0.0    0.02559
353 CE .00955000000000000000 .00155000000000000000 0.0    0.02559
354 CE .00955000000000000000 .00235000000000000000 0.0    0.02559
355 CE .00955000000000000000 .00315000000000000000 0.0    0.02559
356 CE .00955000000000000000 .00395000000000000000 0.0    0.02559
357 CE .00955000000000000000 .00475000000000000000 0.0    0.02559
358 CE .00955000000000000000 .00555000000000000000 0.0    0.02559
359 CE .00955000000000000000 .00635000000000000000 0.0    0.02559
360 CE .00955000000000000000 .00715000000000000000 0.0    0.02559
361 CE .00955000000000000000 .00795000000000000000 0.0    0.02559
362 CE .00955000000000000000 .00875000000000000000 0.0    0.02559
363 CE .00955000000000000000 .00955000000000000000 0.0    0.02559
364 CE .00955000000000000000 .01035000000000000000 0.0    0.02559
365 CE .00955000000000000000 .01115000000000000000 0.0    0.02559
366 CE .00955000000000000000 .01195000000000000000 0.0    0.02559
367 CE .00955000000000000000 .01275000000000000000 0.0    0.02559
368 CE .00955000000000000000 .01355000000000000000 0.0    0.02559
369 CE .00955000000000000000 .01435000000000000000 0.0    0.02559
370 CE .00955000000000000000 .01515000000000000000 0.0    0.02559
371 CE .00955000000000000000 .01595000000000000000 0.0    0.02559
372 CE .00955000000000000000 .01675000000000000000 0.0    0.02559
373 CE .00955000000000000000 .01755000000000000000 0.0    0.02559
374 CE .00955000000000000000 .01835000000000000000 0.0    0.02559
375 CE .00955000000000000000 .01915000000000000000 0.0    0.02559
376 CE .00955000000000000000 .01995000000000000000 0.0    0.02559
377 CE .00955000000000000000 .02075000000000000000 0.0    0.02559
378 CE .00955000000000000000 .02155000000000000000 0.0    0.02559
379 CE .00955000000000000000 .02235000000000000000 0.0    0.02559
380 CE .00955000000000000000 .02315000000000000000 0.0    0.02559
381 CE .00955000000000000000 .02395000000000000000 0.0    0.02559
382 CE .00955000000000000000 .02475000000000000000 0.0    0.02559
383 CE .00955000000000000000 .02555000000000000000 0.0    0.02559
384 CE .01035000000000000000 .00075000000000000000 0.0    0.02559
385 CE .01035000000000000000 .00155000000000000000 0.0    0.02559
386 CE .01035000000000000000 .00235000000000000000 0.0    0.02559
387 CE .01035000000000000000 .00315000000000000000 0.0    0.02559
388 CE .01035000000000000000 .00395000000000000000 0.0    0.02559
389 CE .01035000000000000000 .00475000000000000000 0.0    0.02559
390 CE .01035000000000000000 .00555000000000000000 0.0    0.02559
391 CE .01035000000000000000 .00635000000000000000 0.0    0.02559
392 CE .01035000000000000000 .00715000000000000000 0.0    0.02559
393 CE .01035000000000000000 .00795000000000000000 0.0    0.02559
394 CE .01035000000000000000 .00875000000000000000 0.0    0.02559
395 CE .01035000000000000000 .00955000000000000000 0.0    0.02559
396 CE .01035000000000000000 .01035000000000000000 0.0    0.02559
397 CE .01035000000000000000 .01115000000000000000 0.0    0.02559
398 CE .01035000000000000000 .01195000000000000000 0.0    0.02559
399 CE .01035000000000000000 .01275000000000000000 0.0    0.02559
400 CE .01035000000000000000 .01355000000000000000 0.0    0.02559
401 CE .01035000000000000000 .01435000000000000000 0.0    0.02559
402 CE .01035000000000000000 .01515000000000000000 0.0    0.02559
403 CE .01035000000000000000 .01595000000000000000 0.0    0.02559
404 CE .01035000000000000000 .01675000000000000000 0.0    0.02559
405 CE .01035000000000000000 .01755000000000000000 0.0    0.02559
406 CE .01035000000000000000 .01835000000000000000 0.0    0.02559
407 CE .01035000000000000000 .01915000000000000000 0.0    0.02559
408 CE .01035000000000000000 .01995000000000000000 0.0    0.02559
409 CE .01035000000000000000 .02075000000000000000 0.0    0.02559
410 CE .01035000000000000000 .02155000000000000000 0.0    0.02559
411 CE .01035000000000000000 .02235000000000000000 0.0    0.02559
412 CE .01035000000000000000 .02315000000000000000 0.0    0.02559
413 CE .01035000000000000000 .02395000000000000000 0.0    0.02559
414 CE .01035000000000000000 .02475000000000000000 0.0    0.02559
415 CE .01035000000000000000 .02555000000000000000 0.0    0.02559
416 CE .01115000000000000000 .00075000000000000000 0.0    0.02559
417 CE .01115000000000000000 .00155000000000000000 0.0    0.02559
418 CE .01115000000000000000 .00235000000000000000 0.0    0.02559
419 CE .01115000000000000000 .00315000000000000000 0.0    0.02559
420 CE .01115000000000000000 .00395000000000000000 0.0    0.02559
421 CE .01115000000000000000 .00475000000000000000 0.0    0.02559
422 CE .01115000000000000000 .00555000000000000000 0.0    0.02559
423 CE .01115000000000000000 .00635000000000000000 0.0    0.02559
424 CE .01115000000000000000 .00715000000000000000 0.0    0.02559
425 CE .01115000000000000000 .00795000000000000000 0.0    0.02559
426 CE .01115000000000000000 .00875000000000000000 0.0    0.02559
427 CE .01115000000000000000 .00955000000000000000 0.0    0.02559
428 CE .01115000000000000000 .01035000000000000000 0.0    0.02559
429 CE .01115000000000000000 .01115000000000000000 0.0    0.02559
430 CE .01115000000000000000 .01195000000000000000 0.0    0.02559
431 CE .01115000000000000000 .01275000000000000000 0.0    0.02559
432 CE .01115000000000000000 .01355000000000000000 0.0    0.02559
433 CE .01115000000000000000 .01435000000000000000 0.0    0.02559
434 CE .01115000000000000000 .01515000000000000000 0.0    0.02559
435 CE .01115000000000000000 .01595000000000000000 0.0    0.02559
436 CE .01115000000000000000 .01675000000000000000 0.0    0.02559
437 CE .01115000000000000000 .01755000000000000000 0.0    0.02559
438 CE .01115000000000000000 .01835000000000000000 0.0    0.02559
439 CE .01115000000000000000 .01915000000000000000 0.0    0.02559
440 CE .01115000000000000000 .01995000000000000000 0.0    0.02559
441 CE .01115000000000000000 .02075000000000000000 0.0    0.02559
442 CE .01115000000000000000 .02155000000000000000 0.0    0.02559
443 CE .01115000000000000000 .02235000000000000000 0.0    0.02559
444 CE .01115000000000000000 .02315000000000000000 0.0    0.02559
445 CE .01115000000000000000 .02395000000000000000 0.0    0.02559
446 CE .01115000000000000000 .02475000000000000000 0.0    0.02559
447 CE .01115000000000000000 .02555000000000000000 0.0    0.02559
448 CE .01195000000000000000 .00075000000000000000 0.0    0.02559
449 CE .01195000000000000000 .00155000000000000000 0.0    0.02559
450 CE .01195000000000000000 .00235000000000000000 0.0    0.02559
451 CE .01195000000000000000 .00315000000000000000 0.0    0.02559
452 CE .01195000000000000000 .00395000000000000000 0.0    0.02559
453 CE .01195000000000000000 .00475000000000000000 0.0    0.02559
454 CE .01195000000000000000 .00555000000000000000 0.0    0.02559
455 CE .01195000000000000000 .00635000000000000000 0.0    0.02559
456 CE .01195000000000000000 .00715000000000000000 0.0    0.02559
457 CE .01195000000000000000 .00795000000000000000 0.0    0.02559
458 CE .01195000000000000000 .00875000000000000000 0.0    0.02559
459 CE .01195000000000000000 .00955000000000000000 0.0    0.02559
460 CE .01195000000000000000 .01035000000000000000 0.0    0.02559
461 CE .01195000000000000000 .01115000000000000000 0.0    0.02559
462 CE .01195000000000000000 .01195000000000000000 0.0    0.02559
463 CE .01195000000000000000 .01275000000000000000 0.0    0.02559
464 CE .01195000000000000000 .01355000000000000000 0.0    0.02559
465 CE .01195000000000000000 .01435000000000000000 0.0    0.02559
466 CE .01195000000000000000 .01515000000000000000 0.0    0.02559
467 CE .01195000000000000000 .01595000000000000000 0.0    0.02559
468 CE .01195000000000000000 .01675000000000000000 0.0    0.02559
469 CE .01195000000000000000 .01755000000000000000 0.0    0.02559
470 CE .01195000000000000000 .01835000000000000000 0.0    0.02559
471 CE .01195000000000000000 .01915000000000000000 0.0    0.02559
472 CE .01195000000000000000 .01995000000000000000 0.0    0.02559
473 CE .01195000000000000000 .02075000000000000000 0.0    0.02559
474 CE .01195000000000000000 .02155000000000000000 0.0    0.02559
475 CE .01195000000000000000 .02235000000000000000 0.0    0.02559
476 CE .01195000000000000000 .02315000000000000000 0.0    0.02559
477 CE .01195000000000000000 .02395000000000000000 0.0    0.02559
478 CE .01195000000000000000 .02475000000000000000 0.0    0.02559
479 CE .01195000000000000000 .02555000000000000000 0.0    0.02559
480 CE .01275000000000000000 .00075000000000000000 0.0    0.02559
481 CE .01275000000000000000 .00155000000000000000 0.0    0.02559
482 CE .01275000000000000000 .00235000000000000000 0.0    0.02559
483 CE .01275000000000000000 .00315000000000000000 0.0    0.02559
484 CE .01275000000000000000 .00395000000000000000 0.0    0.02559
485 CE .01275000000000000000 .00475000000000000000 0.0    0.02559
486 CE .01275000000000000000 .00555000000000000000 0.0    0.02559
487 CE .01275000000000000000 .00635000000000000000 0.0    0.02559
488 CE .01275000000000000000 .00715000000000000000 0.0    0.02559
489 CE .01275000000000000000 .00795000000000000000 0.0    0.02559
490 CE .01275000000000000000 .00875000000000000000 0.0    0.02559
491 CE .01275000000000000000 .00955000000000000000 0.0    0.02559
492 CE .01275000000000000000 .01035000000000000000 0.0    0.02559
493 CE .01275000000000000000 .01115000000000000000 0.0    0.02559
494 CE .01275000000000000000 .01195000000000000000 0.0    0.02559
495 CE .01275000000000000000 .01275000000000000000 0.0    0.02559
496 CE .01275000000000000000 .01355000000000000000 0.0    0.02559
497 CE .01275000000000000000 .01435000000000000000 0.0    0.02559
498 CE .01275000000000000000 .01515000000000000000 0.0    0.02559
499 CE .01275000000000000000 .01595000000000000000 0.0    0.02559
500 CE .01275000000000000000 .01675000000000000000 0.0    0.02559
501 CE .01275000000000000000 .01755000000000000000 0.0    0.02559
502 CE .01275000000000000000 .01835000000000000000 0.0    0.02559
503 CE .01275000000000000000 .01915000000000000000 0.0    0.02559
504 CE .01275000000000000000 .01995000000000000000 0.0    0.02559
505 CE .01275000000000000000 .02075000000000000000 0.0    0.02559
506 CE .01275000000000000000 .02155000000000000000 0.0    0.02559
507 CE .01275000000000000000 .02235000000000000000 0.0    0.02559
508 CE .01275000000000000000 .02315000000000000000 0.0    0.02559
509 CE .01275000000000000000 .02395000000000000000 0.0    0.02559
510 CE .01275000000000000000 .02475000000000000000 0.0    0.02559
511 CE .01275000000000000000 .02555000000000000000 0.0    0.02559
512 CE .01355000000000000000 .00075000000000000000 0.0    0.02559
513 CE .01355000000000000000 .00155000000000000000 0.0    0.02559
514 CE .01355000000000000000 .00235000000000000000 0.0    0.02559
515 CE .01355000000000000000 .00315000000000000000 0.0    0.02559
516 CE .01355000000000000000 .00395000000000000000 0.0    0.02559
517 CE .01355000000000000000 .00475000000000000000 0.0    0.02559
518 CE .01355000000000000000 .00555000000000000000 0.0    0.02559
519 CE .01355000000000000000 .00635000000000000000 0.0    0.02559
520 CE .01355000000000000000 .00715000000000000000 0.0    0.02559
521 CE .01355000000000000000 .00795000000000000000 0.0    0.02559
522 CE .01355000000000000000 .00875000000000000000 0.0    0.02559
523 CE .01355000000000000000 .00955000000000000000 0.0    0.02559
524 CE .01355000000000000000 .01035000000000000000 0.0    0.02559
525 CE .01355000000000000000 .01115000000000000000 0.0    0.02559
526 CE .01355000000000000000 .01195000000000000000 0.0    0.02559
527 CE .01355000000000000000 .01275000000000000000 0.0    0.02559
528 CE .01355000000000000000 .01355000000000000000 0.0    0.02559
529 CE .01355000000000000000 .01435000000000000000 0.0    0.02559
530 CE .01355000000000000000 .01515000000000000000 0.0    0.02559
531 CE .01355000000000000000 .01595000000000000000 0.0    0.02559
532 CE .01355000000000000000 .01675000000000000000 0.0    0.02559
533 CE .01355000000000000000 .01755000000000000000 0.0    0.02559
534 CE .01355000000000000000 .01835000000000000000 0.0    0.02559
535 CE .01355000000000000000 .01915000000000000000 0.0    0.02559
536 CE .01355000000000000000 .01995000000000000000 0.0    0.02559
537 CE .01355000000000000000 .02075000000000000000 0.0    0.02559
538 CE .01355000000000000000 .02155000000000000000 0.0    0.02559
539 CE .01355000000000000000 .02235000000000000000 0.0    0.02559
540 CE .01355000000000000000 .02315000000000000000 0.0    0.02559
541 CE .01355000000000000000 .02395000000000000000 0.0    0.02559
542 CE .01355000000000000000 .02475000000000000000 0.0    0.02559
543 CE .01355000000000000000 .02555000000000000000 0.0    0.02559
544 CE .01435000000000000000 .00075000000000000000 0.0    0.02559
545 CE .01435000000000000000 .00155000000000000000 0.0    0.02559
546 CE .01435000000000000000 .00235000000000000000 0.0    0.02559
547 CE .01435000000000000000 .00315000000000000000 0.0    0.02559
548 CE .01435000000000000000 .00395000000000000000 0.0    0.02559
549 CE .01435000000000000000 .00475000000000000000 0.0    0.02559
550 CE .01435000000000000000 .00555000000000000000 0.0    0.02559
551 CE .01435000000000000000 .00635000000000000000 0.0    0.02559
552 CE .01435000000000000000 .00715000000000000000 0.0    0.02559
553 CE .01435000000000000000 .00795000000000000000 0.0    0.02559
554 CE .01435000000000000000 .00875000000000000000 0.0    0.02559
555 CE .01435000000000000000 .00955000000000000000 0.0    0.02559
556 CE .01435000000000000000 .01035000000000000000 0.0    0.02559
557 CE .01435000000000000000 .01115000000000000000 0.0    0.02559
558 CE .01435000000000000000 .01195000000000000000 0.0    0.02559
559 CE .01435000000000000000 .01275000000000000000 0.0    0.02559
560 CE .01435000000000000000 .01355000000000000000 0.0    0.02559
561 CE .01435000000000000000 .01435000000000000000 0.0    0.02559
562 CE .01435000000000000000 .01515000000000000000 0.0    0.02559
563 CE .01435000000000000000 .01595000000000000000 0.0    0.02559
564 CE .01435000000000000000 .01675000000000000000 0.0    0.02559
565 CE .01435000000000000000 .01755000000000000000 0.0    0.02559
566 CE .01435000000000000000 .01835000000000000000 0.0    0.02559
567 CE .01435000000000000000 .01915000000000000000 0.0    0.02559
568 CE .01435000000000000000 .01995000000000000000 0.0    0.02559
569 CE .01435000000000000000 .02075000000000000000 0.0    0.02559
570 CE .01435000000000000000 .02155000000000000000 0.0    0.02559
571 CE .01435000000000000000 .02235000000000000000 0.0    0.02559
572 CE .01435000000000000000 .02315000000000000000 0.0    0.02559
573 CE .01435000000000000000 .02395000000000000000 0.0    0.02559
574 CE .01435000000000000000 .02475000000000000000 0.0    0.02559
575 CE .01435000000000000000 .02555000000000000000 0.0    0.02559
576 CE .01515000000000000000 .00075000000000000000 0.0    0.02559
577 CE .01515000000000000000 .00155000000000000000 0.0    0.02559
578 CE .01515000000000000000 .00235000000000000000 0.0    0.02559
579 CE .01515000000000000000 .00315000000000000000 0.0    0.02559
580 CE .01515000000000000000 .00395000000000000000 0.0    0.02559
581 CE .01515000000000000000 .00475000000000000000 0.0    0.02559
582 CE .01515000000000000000 .00555000000000000000 0.0    0.02559
583 CE .01515000000000000000 .00635000000000000000 0.0    0.02559
584 CE .01515000000000000000 .00715000000000000000 0.0    0.02559
585 CE .01515000000000000000 .00795000000000000000 0.0    0.02559
586 CE .01515000000000000000 .00875000000000000000 0.0    0.02559
587 CE .01515000000000000000 .00955000000000000000 0.0    0.02559
588 CE .01515000000000000000 .01035000000000000000 0.0    0.02559
589 CE .01515000000000000000 .01115000000000000000 0.0    0.02559
590 CE .01515000000000000000 .01195000000000000000 0.0    0.02559
591 CE .01515000000000000000 .01275000000000000000 0.0    0.02559
592 CE .01515000000000000000 .01355000000000000000 0.0    0.02559
593 CE .01515000000000000000 .01435000000000000000 0.0    0.02559
594 CE .01515000000000000000 .01515000000000000000 0.0    0.02559
595 CE .01515000000000000000 .01595000000000000000 0.0    0.02559
596 CE .01515000000000000000 .01675000000000000000 0.0    0.02559
597 CE .01515000000000000000 .01755000000000000000 0.0    0.02559
598 CE .01515000000000000000 .01835000000000000000 0.0    0.02559
599 CE .01515000000000000000 .01915000000000000000 0.0    0.02559
600 CE .01515000000000000000 .01995000000000000000 0.0    0.02559
601 CE .01515000000000000000 .02075000000000000000 0.0    0.02559
602 CE .01515000000000000000 .02155000000000000000 0.0    0.02559
603 CE .01515000000000000000 .02235000000000000000 0.0    0.02559
604 CE .01515000000000000000 .02315000000000000000 0.0    0.02559
605 CE .01515000000000000000 .02395000000000000000 0.0    0.02559
606 CE .01515000000000000000 .02475000000000000000 0.0    0.02559
607 CE .01515000000000000000 .02555000000000000000 0.0    0.02559
608 CE .01595000000000000000 .00075000000000000000 0.0    0.02559
609 CE .01595000000000000000 .00155000000000000000 0.0    0.02559
610 CE .01595000000000000000 .00235000000000000000 0.0    0.02559
611 CE .01595000000000000000 .00315000000000000000 0.0    0.02559
612 CE .01595000000000000000 .00395000000000000000 0.0    0.02559
613 CE .01595000000000000000 .00475000000000000000 0.0    0.02559
614 CE .01595000000000000000 .00555000000000000000 0.0    0.02559
615 CE .01595000000000000000 .00635000000000000000 0.0    0.02559
616 CE .01595000000000000000 .00715000000000000000 0.0    0.02559
617 CE .01595000000000000000 .00795000000000000000 0.0    0.02559
618 CE .01595000000000000000 .00875000000000000000 0.0    0.02559
619 CE .01595000000000000000 .00955000000000000000 0.0    0.02559
620 CE .01595000000000000000 .01035000000000000000 0.0    0.02559
621 CE .01595000000000000000 .01115000000000000000 0.0    0.02559
622 CE .01595000000000000000 .01195000000000000000 0.0    0.02559
623 CE .01595000000000000000 .01275000000000000000 0.0    0.02559
624 CE .01595000000000000000 .01355000000000000000 0.0    0.02559
625 CE .01595000000000000000 .01435000000000000000 0.0    0.02559
626 CE .01595000000000000000 .01515000000000000000 0.0    0.02559
627 CE .01595000000000000000 .01595000000000000000 0.0    0.02559
628 CE .01595000000000000000 .01675000000000000000 0.0    0.02559
629 CE .01595000000000000000 .01755000000000000000 0.0    0.02559
630 CE .01595000000000000000 .01835000000000000000 0.0    0.02559
631 CE .01595000000000000000 .01915000000000000000 0.0    0.02559
632 CE .01595000000000000000 .01995000000000000000 0.0    0.02559
633 CE .01595000000000000000 .02075000000000000000 0.0    0.02559
634 CE .01595000000000000000 .02155000000000000000 0.0    0.02559
635 CE .01595000000000000000 .02235000000000000000 0.0    0.02559
636 CE .01595000000000000000 .02315000000000000000 0.0    0.02559
637 CE .01595000000000000000 .02395000000000000000 0.0    0.02559
638 CE .01595000000000000000 .02475000000000000000 0.0    0.02559
639 CE .01595000000000000000 .02555000000000000000 0.0    0.02559
640 CE .01675000000000000000 .00075000000000000000 0.0    0.02559
641 CE .01675000000000000000 .00155000000000000000 0.0    0.02559
642 CE .01675000000000000000 .00235000000000000000 0.0    0.02559
643 CE .01675000000000000000 .00315000000000000000 0.0    0.02559
644 CE .01675000000000000000 .00395000000000000000 0.0    0.02559
645 CE .01675000000000000000 .00475000000000000000 0.0    0.02559
646 CE .01675000000000000000 .00555000000000000000 0.0    0.02559
647 CE .01675000000000000000 .00635000000000000000 0.0    0.02559
648 CE .01675000000000000000 .00715000000000000000 0.0    0.02559
649 CE .01675000000000000000 .00795000000000000000 0.0    0.02559
650 CE .01675000000000000000 .00875000000000000000 0.0    0.02559
651 CE .01675000000000000000 .00955000000000000000 0.0    0.02559
652 CE .01675000000000000000 .01035000000000000000 0.0    0.02559
653 CE .01675000000000000000 .01115000000000000000 0.0    0.02559
654 CE .01675000000000000000 .01195000000000000000 0.0    0.02559
655 CE .01675000000000000000 .01275000000000000000 0.0    0.02559
656 CE .01675000000000000000 .01355000000000000000 0.0    0.02559
657 CE .01675000000000000000 .01435000000000000000 0.0    0.02559
658 CE .01675000000000000000 .01515000000000000000 0.0    0.02559
659 CE .01675000000000000000 .01595000000000000000 0.0    0.02559
660 CE .01675000000000000000 .01675000000000000000 0.0    0.02559
661 CE .01675000000000000000 .01755000000000000000 0.0    0.02559
662 CE .01675000000000000000 .01835000000000000000 0.0    0.02559
663 CE .01675000000000000000 .01915000000000000000 0.0    0.02559
664 CE .01675000000000000000 .01995000000000000000 0.0    0.02559
665 CE .01675000000000000000 .02075000000000000000 0.0    0.02559
666 CE .01675000000000000000 .02155000000000000000 0.0    0.02559
667 CE .01675000000000000000 .02235000000000000000 0.0    0.02559
668 CE .01675000000000000000 .02315000000000000000 0.0    0.02559
669 CE .01675000000000000000 .02395000000000000000 0.0    0.02559
670 CE .01675000000000000000 .02475000000000000000 0.0    0.02559
671 CE .01675000000000000000 .02555000000000000000 0.0    0.02559
672 CE .01755000000000000000 .00075000000000000000 0.0    0.02559
673 CE .01755000000000000000 .00155000000000000000 0.0    0.02559
674 CE .01755000000000000000 .00235000000000000000 0.0    0.02559
675 CE .01755000000000000000 .00315000000000000000 0.0    0.02559
676 CE .01755000000000000000 .00395000000000000000 0.0    0.02559
677 CE .01755000000000000000 .00475000000000000000 0.0    0.02559
678 CE .01755000000000000000 .00555000000000000000 0.0    0.02559
679 CE .01755000000000000000 .00635000000000000000 0.0    0.02559
680 CE .01755000000000000000 .00715000000000000000 0.0    0.02559
681 CE .01755000000000000000 .00795000000000000000 0.0    0.02559
682 CE .01755000000000000000 .00875000000000000000 0.0    0.02559
683 CE .01755000000000000000 .00955000000000000000 0.0    0.02559
684 CE .01755000000000000000 .01035000000000000000 0.0    0.02559
685 CE .01755000000000000000 .01115000000000000000 0.0    0.02559
686 CE .01755000000000000000 .01195000000000000000 0.0    0.02559
687 CE .01755000000000000000 .01275000000000000000 0.0    0.02559
688 CE .01755000000000000000 .01355000000000000000 0.0    0.02559
689 CE .01755000000000000000 .01435000000000000000 0.0    0.02559
690 CE .01755000000000000000 .01515000000000000000 0.0    0.02559
691 CE .01755000000000000000 .01595000000000000000 0.0    0.02559
692 CE .01755000000000000000 .01675000000000000000 0.0    0.02559
693 CE .01755000000000000000 .01755000000000000000 0.0    0.02559
694 CE .01755000000000000000 .01835000000000000000 0.0    0.02559
695 CE .01755000000000000000 .01915000000000000000 0.0    0.02559
696 CE .01755000000000000000 .01995000000000000000 0.0    0.02559
697 CE .01755000000000000000 .02075000000000000000 0.0    0.02559
698 CE .01755000000000000000 .02155000000000000000 0.0    0.02559
699 CE .01755000000000000000 .02235000000000000000 0.0    0.02559
700 CE .01755000000000000000 .02315000000000000000 0.0    0.02559
701 CE .01755000000000000000 .02395000000000000000 0.0    0.02559
702 CE .01755000000000000000 .02475000000000000000 0.0    0.02559
703 CE .01755000000000000000 .02555000000000000000 0.0    0.02559
704 CE .01835000000000000000 .00075000000000000000 0.0    0.02559
705 CE .01835000000000000000 .00155000000000000000 0.0    0.02559
706 CE .01835000000000000000 .00235000000000000000 0.0    0.02559
707 CE .01835000000000000000 .00315000000000000000 0.0    0.02559
708 CE .01835000000000000000 .00395000000000000000 0.0    0.02559
709 CE .01835000000000000000 .00475000000000000000 0.0    0.02559
710 CE .01835000000000000000 .00555000000000000000 0.0    0.02559
711 CE .01835000000000000000 .00635000000000000000 0.0    0.02559
712 CE .01835000000000000000 .00715000000000000000 0.0    0.02559
713 CE .01835000000000000000 .00795000000000000000 0.0    0.02559
714 CE .01835000000000000000 .00875000000000000000 0.0    0.02559
715 CE .01835000000000000000 .00955000000000000000 0.0    0.02559
716 CE .01835000000000000000 .01035000000000000000 0.0    0.02559
717 CE .01835000000000000000 .01115000000000000000 0.0    0.02559
718 CE .01835000000000000000 .01195000000000000000 0.0    0.02559
719 CE .01835000000000000000 .01275000000000000000 0.0    0.02559
720 CE .01835000000000000000 .01355000000000000000 0.0    0.02559
721 CE .01835000000000000000 .01435000000000000000 0.0    0.02559
722 CE .01835000000000000000 .01515000000000000000 0.0    0.02559
723 CE .01835000000000000000 .01595000000000000000 0.0    0.02559
724 CE .01835000000000000000 .01675000000000000000 0.0    0.02559
725 CE .01835000000000000000 .01755000000000000000 0.0    0.02559
726 CE .01835000000000000000 .01835000000000000000 0.0    0.02559
727 CE .01835000000000000000 .01915000000000000000 0.0    0.02559
728 CE .01835000000000000000 .01995000000000000000 0.0    0.02559
729 CE .01835000000000000000 .02075000000000000000 0.0    0.02559
730 CE .01835000000000000000 .02155000000000000000 0.0    0.02559
731 CE .01835000000000000000 .02235000000000000000 0.0    0.02559
732 CE .01835000000000000000 .02315000000000000000 0.0    0.02559
733 CE .01835000000000000000 .02395000000000000000 0.0    0.02559
734 CE .01835000000000000000 .02475000000000000000 0.0    0.02559
735 CE .01835000000000000000 .02555000000000000000 0.0    0.02559
736 CE .01915000000000000000 .00075000000000000000 0.0    0.02559
737 CE .01915000000000000000 .00155000000000000000 0.0    0.02559
738 CE .01915000000000000000 .00235000000000000000 0.0    0.02559
739 CE .01915000000000000000 .00315000000000000000 0.0    0.02559
740 CE .01915000000000000000 .00395000000000000000 0.0    0.02559
741 CE .01915000000000000000 .00475000000000000000 0.0    0.02559
742 CE .01915000000000000000 .00555000000000000000 0.0    0.02559
743 CE .01915000000000000000 .00635000000000000000 0.0    0.02559
744 CE .01915000000000000000 .00715000000000000000 0.0    0.02559
745 CE .01915000000000000000 .00795000000000000000 0.0    0.02559
746 CE .01915000000000000000 .00875000000000000000 0.0    0.02559
747 CE .01915000000000000000 .00955000000000000000 0.0    0.02559
748 CE .01915000000000000000 .01035000000000000000 0.0    0.02559
749 CE .01915000000000000000 .01115000000000000000 0.0    0.02559
750 CE .01915000000000000000 .01195000000000000000 0.0    0.02559
751 CE .01915000000000000000 .01275000000000000000 0.0    0.02559
752 CE .01915000000000000000 .01355000000000000000 0.0    0.02559
753 CE .01915000000000000000 .01435000000000000000 0.0    0.02559
754 CE .01915000000000000000 .01515000000000000000 0.0    0.02559
755 CE .01915000000000000000 .01595000000000000000 0.0    0.02559
756 CE .01915000000000000000 .01675000000000000000 0.0    0.02559
757 CE .01915000000000000000 .01755000000000000000 0.0    0.02559
758 CE .01915000000000000000 .01835000000000000000 0.0    0.02559
759 CE .01915000000000000000 .01915000000000000000 0.0    0.02559
760 CE .01915000000000000000 .01995000000000000000 0.0    0.02559
761 CE .01915000000000000000 .02075000000000000000 0.0    0.02559
762 CE .01915000000000000000 .02155000000000000000 0.0    0.02559
763 CE .01915000000000000000 .02235000000000000000 0.0    0.02559
764 CE .01915000000000000000 .02315000000000000000 0.0    0.02559
765 CE .01915000000000000000 .02395000000000000000 0.0    0.02559
766 CE .01915000000000000000 .02475000000000000000 0.0    0.02559
767 CE .01915000000000000000 .02555000000000000000 0.0    0.02559
768 CE .01995000000000000000 .00075000000000000000 0.0    0.02559
769 CE .01995000000000000000 .00155000000000000000 0.0    0.02559
770 CE .01995000000000000000 .00235000000000000000 0.0    0.02559
771 CE .01995000000000000000 .00315000000000000000 0.0    0.02559
772 CE .01995000000000000000 .00395000000000000000 0.0    0.02559
773 CE .01995000000000000000 .00475000000000000000 0.0    0.02559
774 CE .01995000000000000000 .00555000000000000000 0.0    0.02559
775 CE .01995000000000000000 .00635000000000000000 0.0    0.02559
776 CE .01995000000000000000 .00715000000000000000 0.0    0.02559
777 CE .01995000000000000000 .00795000000000000000 0.0    0.02559
778 CE .01995000000000000000 .00875000000000000000 0.0    0.02559
779 CE .01995000000000000000 .00955000000000000000 0.0    0.02559
780 CE .01995000000000000000 .01035000000000000000 0.0    0.02559
781 CE .01995000000000000000 .01115000000000000000 0.0    0.02559
782 CE .01995000000000000000 .01195000000000000000 0.0    0.02559
783 CE .01995000000000000000 .01275000000000000000 0.0    0.02559
784 CE .01995000000000000000 .01355000000000000000 0.0    0.02559
785 CE .01995000000000000000 .01435000000000000000 0.0    0.02559
786 CE .01995000000000000000 .01515000000000000000 0.0    0.02559
787 CE .01995000000000000000 .01595000000000000000 0.0    0.02559
788 CE .01995000000000000000 .01675000000000000000 0.0    0.02559
789 CE .01995000000000000000 .01755000000000000000 0.0    0.02559
790 CE .01995000000000000000 .01835000000000000000 0.0    0.02559
791 CE .01995000000000000000 .01915000000000000000 0.0    0.02559
792 CE .01995000000000000000 .01995000000000000000 0.0    0.02559
793 CE .01995000000000000000 .02075000000000000000 0.0    0.02559
794 CE .01995000000000000000 .02155000000000000000 0.0    0.02559
795 CE .01995000000000000000 .02235000000000000000 0.0    0.02559
796 CE .01995000000000000000 .02315000000000000000 0.0    0.02559
797 CE .01995000000000000000 .02395000000000000000 0.0    0.02559
798 CE .01995000000000000000 .02475000000000000000 0.0    0.02559
799 CE .01995000000000000000 .02555000000000000000 0.0    0.02559
800 CE .02075000000000000000 .00075000000000000000 0.0    0.02559
801 CE .02075000000000000000 .00155000000000000000 0.0    0.02559
802 CE .02075000000000000000 .00235000000000000000 0.0    0.02559
803 CE .02075000000000000000 .00315000000000000000 0.0    0.02559
804 CE .02075000000000000000 .00395000000000000000 0.0    0.02559
805 CE .02075000000000000000 .00475000000000000000 0.0    0.02559
806 CE .02075000000000000000 .00555000000000000000 0.0    0.02559
807 CE .02075000000000000000 .00635000000000000000 0.0    0.02559
808 CE .02075000000000000000 .00715000000000000000 0.0    0.02559
809 CE .02075000000000000000 .00795000000000000000 0.0    0.02559
810 CE .02075000000000000000 .00875000000000000000 0.0    0.02559
811 CE .02075000000000000000 .00955000000000000000 0.0    0.02559
812 CE .02075000000000000000 .01035000000000000000 0.0    0.02559
813 CE .02075000000000000000 .01115000000000000000 0.0    0.02559
814 CE .02075000000000000000 .01195000000000000000 0.0    0.02559
815 CE .02075000000000000000 .01275000000000000000 0.0    0.02559
816 CE .02075000000000000000 .01355000000000000000 0.0    0.02559
817 CE .02075000000000000000 .01435000000000000000 0.0    0.02559
818 CE .02075000000000000000 .01515000000000000000 0.0    0.02559
819 CE .02075000000000000000 .01595000000000000000 0.0    0.02559
820 CE .02075000000000000000 .01675000000000000000 0.0    0.02559
821 CE .02075000000000000000 .01755000000000000000 0.0    0.02559
822 CE .02075000000000000000 .01835000000000000000 0.0    0.02559
823 CE .02075000000000000000 .01915000000000000000 0.0    0.02559
824 CE .02075000000000000000 .01995000000000000000 0.0    0.02559
825 CE .02075000000000000000 .02075000000000000000 0.0    0.02559
826 CE .02075000000000000000 .02155000000000000000 0.0    0.02559
827 CE .02075000000000000000 .02235000000000000000 0.0    0.02559
828 CE .02075000000000000000 .02315000000000000000 0.0    0.02559
829 CE .02075000000000000000 .02395000000000000000 0.0    0.02559
830 CE .02075000000000000000 .02475000000000000000 0.0    0.02559
831 CE .02075000000000000000 .02555000000000000000 0.0    0.02559
832 CE .02155000000000000000 .00075000000000000000 0.0    0.02559
833 CE .02155000000000000000 .00155000000000000000 0.0    0.02559
834 CE .02155000000000000000 .00235000000000000000 0.0    0.02559
835 CE .02155000000000000000 .00315000000000000000 0.0    0.02559
836 CE .02155000000000000000 .00395000000000000000 0.0    0.02559
837 CE .02155000000000000000 .00475000000000000000 0.0    0.02559
838 CE .02155000000000000000 .00555000000000000000 0.0    0.02559
839 CE .02155000000000000000 .00635000000000000000 0.0    0.02559
840 CE .02155000000000000000 .00715000000000000000 0.0    0.02559
841 CE .02155000000000000000 .00795000000000000000 0.0    0.02559
842 CE .02155000000000000000 .00875000000000000000 0.0    0.02559
843 CE .02155000000000000000 .00955000000000000000 0.0    0.02559
844 CE .02155000000000000000 .01035000000000000000 0.0    0.02559
845 CE .02155000000000000000 .01115000000000000000 0.0    0.02559
846 CE .02155000000000000000 .01195000000000000000 0.0    0.02559
847 CE .02155000000000000000 .01275000000000000000 0.0    0.02559
848 CE .02155000000000000000 .01355000000000000000 0.0    0.02559
849 CE .02155000000000000000 .01435000000000000000 0.0    0.02559
850 CE .02155000000000000000 .01515000000000000000 0.0    0.02559
851 CE .02155000000000000000 .01595000000000000000 0.0    0.02559
852 CE .02155000000000000000 .01675000000000000000 0.0    0.02559
853 CE .02155000000000000000 .01755000000000000000 0.0    0.02559
854 CE .02155000000000000000 .01835000000000000000 0.0    0.02559
855 CE .02155000000000000000 .01915000000000000000 0.0    0.02559
856 CE .02155000000000000000 .01995000000000000000 0.0    0.02559
857 CE .02155000000000000000 .02075000000000000000 0.0    0.02559
858 CE .02155000000000000000 .02155000000000000000 0.0    0.02559
859 CE .02155000000000000000 .02235000000000000000 0.0    0.02559
860 CE .02155000000000000000 .02315000000000000000 0.0    0.02559
861 CE .02155000000000000000 .02395000000000000000 0.0    0.02559
862 CE .02155000000000000000 .02475000000000000000 0.0    0.02559
863 CE .02155000000000000000 .02555000000000000000 0.0    0.02559
864 CE .02235000000000000000 .00075000000000000000 0.0    0.02559
865 CE .02235000000000000000 .00155000000000000000 0.0    0.02559
866 CE .02235000000000000000 .00235000000000000000 0.0    0.02559
867 CE .02235000000000000000 .00315000000000000000 0.0    0.02559
868 CE .02235000000000000000 .00395000000000000000 0.0    0.02559
869 CE .02235000000000000000 .00475000000000000000 0.0    0.02559
870 CE .02235000000000000000 .00555000000000000000 0.0    0.02559
871 CE .02235000000000000000 .00635000000000000000 0.0    0.02559
872 CE .02235000000000000000 .00715000000000000000 0.0    0.02559
873 CE .02235000000000000000 .00795000000000000000 0.0    0.02559
874 CE .02235000000000000000 .00875000000000000000 0.0    0.02559
875 CE .02235000000000000000 .00955000000000000000 0.0    0.02559
876 CE .02235000000000000000 .01035000000000000000 0.0    0.02559
877 CE .02235000000000000000 .01115000000000000000 0.0    0.02559
878 CE .02235000000000000000 .01195000000000000000 0.0    0.02559
879 CE .02235000000000000000 .01275000000000000000 0.0    0.02559
880 CE .02235000000000000000 .01355000000000000000 0.0    0.02559
881 CE .02235000000000000000 .01435000000000000000 0.0    0.02559
882 CE .02235000000000000000 .01515000000000000000 0.0    0.02559
883 CE .02235000000000000000 .01595000000000000000 0.0    0.02559
884 CE .02235000000000000000 .01675000000000000000 0.0    0.02559
885 CE .02235000000000000000 .01755000000000000000 0.0    0.02559
886 CE .02235000000000000000 .01835000000000000000 0.0    0.02559
887 CE .02235000000000000000 .01915000000000000000 0.0    0.02559
888 CE .02235000000000000000 .01995000000000000000 0.0    0.02559
889 CE .02235000000000000000 .02075000000000000000 0.0    0.02559
890 CE .02235000000000000000 .02155000000000000000 0.0    0.02559
891 CE .02235000000000000000 .02235000000000000000 0.0    0.02559
892 CE .02235000000000000000 .02315000000000000000 0.0    0.02559
893 CE .02235000000000000000 .02395000000000000000 0.0    0.02559
894 CE .02235000000000000000 .02475000000000000000 0.0    0.02559
895 CE .02235000000000000000 .02555000000000000000 0.0    0.02559
896 CE .02315000000000000000 .00075000000000000000 0.0    0.02559
897 CE .02315000000000000000 .00155000000000000000 0.0    0.02559
898 CE .02315000000000000000 .00235000000000000000 0.0    0.02559
899 CE .02315000000000000000 .00315000000000000000 0.0    0.02559
900 CE .02315000000000000000 .00395000000000000000 0.0    0.02559
901 CE .02315000000000000000 .00475000000000000000 0.0    0.02559
902 CE .02315000000000000000 .00555000000000000000 0.0    0.02559
903 CE .02315000000000000000 .00635000000000000000 0.0    0.02559
904 CE .02315000000000000000 .00715000000000000000 0.0    0.02559
905 CE .02315000000000000000 .00795000000000000000 0.0    0.02559
906 CE .02315000000000000000 .00875000000000000000 0.0    0.02559
907 CE .02315000000000000000 .00955000000000000000 0.0    0.02559
908 CE .02315000000000000000 .01035000000000000000 0.0    0.02559
909 CE .02315000000000000000 .01115000000000000000 0.0    0.02559
910 CE .02315000000000000000 .01195000000000000000 0.0    0.02559
911 CE .02315000000000000000 .01275000000000000000 0.0    0.02559
912 CE .02315000000000000000 .01355000000000000000 0.0    0.02559
913 CE .02315000000000000000 .01435000000000000000 0.0    0.02559
914 CE .02315000000000000000 .01515000000000000000 0.0    0.02559
915 CE .02315000000000000000 .01595000000000000000 0.0    0.02559
916 CE .02315000000000000000 .01675000000000000000 0.0    0.02559
917 CE .02315000000000000000 .01755000000000000000 0.0    0.02559
918 CE .02315000000000000000 .01835000000000000000 0.0    0.02559
919 CE .02315000000000000000 .01915000000000000000 0.0    0.02559
920 CE .02315000000000000000 .01995000000000000000 0.0    0.02559
921 CE .02315000000000000000 .02075000000000000000 0.0    0.02559
922 CE .02315000000000000000 .02155000000000000000 0.0    0.02559
923 CE .02315000000000000000 .02235000000000000000 0.0    0.02559
924 CE .02315000000000000000 .02315000000000000000 0.0    0.02559
925 CE .02315000000000000000 .02395000000000000000 0.0    0.02559
926 CE .02315000000000000000 .02475000000000000000 0.0    0.02559
927 CE .02315000000000000000 .02555000000000000000 0.0    0.02559
928 CE .02395000000000000000 .00075000000000000000 0.0    0.02559
929 CE .02395000000000000000 .00155000000000000000 0.0    0.02559
930 CE .02395000000000000000 .00235000000000000000 0.0    0.02559
931 CE .02395000000000000000 .00315000000000000000 0.0    0.02559
932 CE .02395000000000000000 .00395000000000000000 0.0    0.02559
933 CE .02395000000000000000 .00475000000000000000 0.0    0.02559
934 CE .02395000000000000000 .00555000000000000000 0.0    0.02559
935 CE .02395000000000000000 .00635000000000000000 0.0    0.02559
936 CE .02395000000000000000 .00715000000000000000 0.0    0.02559
937 CE .02395000000000000000 .00795000000000000000 0.0    0.02559
938 CE .02395000000000000000 .00875000000000000000 0.0    0.02559
939 CE .02395000000000000000 .00955000000000000000 0.0    0.02559
940 CE .02395000000000000000 .01035000000000000000 0.0    0.02559
941 CE .02395000000000000000 .01115000000000000000 0.0    0.02559
942 CE .02395000000000000000 .01195000000000000000 0.0    0.02559
943 CE .02395000000000000000 .01275000000000000000 0.0    0.02559
944 CE .02395000000000000000 .01355000000000000000 0.0    0.02559
945 CE .02395000000000000000 .01435000000000000000 0.0    0.02559
946 CE .02395000000000000000 .01515000000000000000 0.0    0.02559
947 CE .02395000000000000000 .01595000000000000000 0.0    0.02559
948 CE .02395000000000000000 .01675000000000000000 0.0    0.02559
949 CE .02395000000000000000 .01755000000000000000 0.0    0.02559
950 CE .02395000000000000000 .01835000000000000000 0.0    0.02559
951 CE .02395000000000000000 .01915000000000000000 0.0    0.02559
952 CE .02395000000000000000 .01995000000000000000 0.0    0.02559
953 CE .02395000000000000000 .02075000000000000000 0.0    0.02559
954 CE .02395000000000000000 .02155000000000000000 0.0    0.02559
955 CE .02395000000000000000 .02235000000000000000 0.0    0.02559
956 CE .02395000000000000000 .02315000000000000000 0.0    0.02559
957 CE .02395000000000000000 .02395000000000000000 0.0    0.02559
958 CE .02395000000000000000 .02475000000000000000 0.0    0.02559
959 CE .02395000000000000000 .02555000000000000000 0.0    0.02559
960 CE .02475000000000000000 .00075000000000000000 0.0    0.02559
961 CE .02475000000000000000 .00155000000000000000 0.0    0.02559
962 CE .02475000000000000000 .00235000000000000000 0.0    0.02559
963 CE .02475000000000000000 .00315000000000000000 0.0    0.02559
964 CE .02475000000000000000 .00395000000000000000 0.0    0.02559
965 CE .02475000000000000000 .00475000000000000000 0.0    0.02559
966 CE .02475000000000000000 .00555000000000000000 0.0    0.02559
967 CE .02475000000000000000 .00635000000000000000 0.0    0.02559
968 CE .02475000000000000000 .00715000000000000000 0.0    0.02559
969 CE .02475000000000000000 .00795000000000000000 0.0    0.02559
970 CE .02475000000000000000 .00875000000000000000 0.0    0.02559
971 CE .02475000000000000000 .00955000000000000000 0.0    0.02559
972 CE .02475000000000000000 .01035000000000000000 0.0    0.02559
973 CE .02475000000000000000 .01115000000000000000 0.0    0.02559
974 CE .02475000000000000000 .01195000000000000000 0.0    0.02559
975 CE .02475000000000000000 .01275000000000000000 0.0    0.02559
976 CE .02475000000000000000 .01355000000000000000 0.0    0.02559
977 CE .02475000000000000000 .01435000000000000000 0.0    0.02559
978 CE .02475000000000000000 .01515000000000000000 0.0    0.02559
979 CE .02475000000000000000 .01595000000000000000 0.0    0.02559
980 CE .02475000000000000000 .01675000000000000000 0.0    0.02559
981 CE .02475000000000000000 .01755000000000000000 0.0    0.02559
982 CE .02475000000000000000 .01835000000000000000 0.0    0.02559
983 CE .02475000000000000000 .01915000000000000000 0.0    0.02559
984 CE .02475000000000000000 .01995000000000000000 0.0    0.02559
985 CE .02475000000000000000 .02075000000000000000 0.0    0.02559
986 CE .02475000000000000000 .02155000000000000000 0.0    0.02559
987 CE .02475000000000000000 .02235000000000000000 0.0    0.02559
988 CE .02475000000000000000 .02315000000000000000 0.0    0.02559
989 CE .02475000000000000000 .02395000000000000000 0.0    0.02559
990 CE .02475000000000000000 .02475000000000000000 0.0    0.02559
991 CE .02475000000000000000 .02555000000000000000 0.0    0.02559
992 CE .02555000000000000000 .00075000000000000000 0.0    0.02559
993 CE .02555000000000000000 .00155000000000000000 0.0    0.02559
994 CE .02555000000000000000 .00235000000000000000 0.0    0.02559
995 CE .02555000000000000000 .00315000000000000000 0.0    0.02559
996 CE .02555000000000000000 .00395000000000000000 0.0    0.02559
997 CE .02555000000000000000 .00475000000000000000 0.0    0.02559
998 CE .02555000000000000000 .00555000000000000000 0.0    0.02559
999 CE .02555000000000000000 .00635000000000000000 0.0    0.02559
1000 CE .02555000000000000000 .00715000000000000000 0.0    0.02559
1001 CE .02555000000000000000 .00795000000000000000 0.0    0.02559
1002 CE .02555000000000000000 .00875000000000000000 0.0    0.02559
1003 CE .02555000000000000000 .00955000000000000000 0.0    0.02559
1004 CE .02555000000000000000 .01035000000000000000 0.0    0.02559
1005 CE .02555000000000000000 .01115000000000000000 0.0    0.02559
1006 CE .02555000000000000000 .01195000000000000000 0.0    0.02559
1007 CE .02555000000000000000 .01275000000000000000 0.0    0.02559
1008 CE .02555000000000000000 .01355000000000000000 0.0    0.02559
1009 CE .02555000000000000000 .01435000000000000000 0.0    0.02559
1010 CE .02555000000000000000 .01515000000000000000 0.0    0.02559
1011 CE .02555000000000000000 .01595000000000000000 0.0    0.02559
1012 CE .02555000000000000000 .01675000000000000000 0.0    0.02559
1013 CE .02555000000000000000 .01755000000000000000 0.0    0.02559
1014 CE .02555000000000000000 .01835000000000000000 0.0    0.02559
1015 CE .02555000000000000000 .01915000000000000000 0.0    0.02559
1016 CE .02555000000000000000 .01995000000000000000 0.0    0.02559
1017 CE .02555000000000000000 .02075000000000000000 0.0    0.02559
1018 CE .02555000000000000000 .02155000000000000000 0.0    0.02559
1019 CE .02555000000000000000 .02235000000000000000 0.0    0.02559
1020 CE .02555000000000000000 .02315000000000000000 0.0    0.02559
1021 CE .02555000000000000000 .02395000000000000000 0.0    0.02559
1022 CE .02555000000000000000 .02475000000000000000 0.0    0.02559
1023 CE .02555000000000000000 .02555000000000000000 0.0    0.02559
