         0         CE      0.400000E-03      0.400000E-03      0.000000E+00     -0.254720E-01
         1         CE      0.400000E-03      0.120000E-02      0.000000E+00     -0.254720E-01
         2         CE      0.400000E-03      0.200000E-02      0.000000E+00     -0.254720E-01
         3         CE      0.400000E-03      0.280000E-02      0.000000E+00     -0.254720E-01
         4         CE      0.400000E-03      0.360000E-02      0.000000E+00     -0.254720E-01
         5         CE      0.400000E-03      0.440000E-02      0.000000E+00     -0.254720E-01
         6         CE      0.400000E-03      0.520000E-02      0.000000E+00     -0.254720E-01
         7         CE      0.400000E-03      0.600000E-02      0.000000E+00     -0.254720E-01
         8         CE      0.400000E-03      0.680000E-02      0.000000E+00     -0.254720E-01
         9         CE      0.400000E-03      0.760000E-02      0.000000E+00     -0.254720E-01
        10         CE      0.400000E-03      0.840000E-02      0.000000E+00     -0.254720E-01
        11         CE      0.400000E-03      0.920000E-02      0.000000E+00     -0.254720E-01
        12         CE      0.400000E-03      0.100000E-01      0.000000E+00     -0.254720E-01
        13         CE      0.400000E-03      0.108000E-01      0.000000E+00     -0.254720E-01
        14         CE      0.400000E-03      0.116000E-01      0.000000E+00     -0.254720E-01
        15         CE      0.400000E-03      0.124000E-01      0.000000E+00     -0.254720E-01
        16         CE      0.400000E-03      0.132000E-01      0.000000E+00     -0.254720E-01
        17         CE      0.400000E-03      0.140000E-01      0.000000E+00     -0.254720E-01
        18         CE      0.400000E-03      0.148000E-01      0.000000E+00     -0.254720E-01
        19         CE      0.400000E-03      0.156000E-01      0.000000E+00     -0.254720E-01
        20         CE      0.400000E-03      0.164000E-01      0.000000E+00     -0.254720E-01
        21         CE      0.400000E-03      0.172000E-01      0.000000E+00     -0.254720E-01
        22         CE      0.400000E-03      0.180000E-01      0.000000E+00     -0.254720E-01
        23         CE      0.400000E-03      0.188000E-01      0.000000E+00     -0.254720E-01
        24         CE      0.400000E-03      0.196000E-01      0.000000E+00     -0.254720E-01
        25         CE      0.400000E-03      0.204000E-01      0.000000E+00     -0.254720E-01
        26         CE      0.400000E-03      0.212000E-01      0.000000E+00     -0.254720E-01
        27         CE      0.400000E-03      0.220000E-01      0.000000E+00     -0.254720E-01
        28         CE      0.400000E-03      0.228000E-01      0.000000E+00     -0.254720E-01
        29         CE      0.400000E-03      0.236000E-01      0.000000E+00     -0.254720E-01
        30         CE      0.400000E-03      0.244000E-01      0.000000E+00     -0.254720E-01
        31         CE      0.400000E-03      0.252000E-01      0.000000E+00     -0.254720E-01
        32         CE      0.120000E-02      0.400000E-03      0.000000E+00     -0.254720E-01
        33         CE      0.120000E-02      0.120000E-02      0.000000E+00     -0.254720E-01
        34         CE      0.120000E-02      0.200000E-02      0.000000E+00     -0.254720E-01
        35         CE      0.120000E-02      0.280000E-02      0.000000E+00     -0.254720E-01
        36         CE      0.120000E-02      0.360000E-02      0.000000E+00     -0.254720E-01
        37         CE      0.120000E-02      0.440000E-02      0.000000E+00     -0.254720E-01
        38         CE      0.120000E-02      0.520000E-02      0.000000E+00     -0.254720E-01
        39         CE      0.120000E-02      0.600000E-02      0.000000E+00     -0.254720E-01
        40         CE      0.120000E-02      0.680000E-02      0.000000E+00     -0.254720E-01
        41         CE      0.120000E-02      0.760000E-02      0.000000E+00     -0.254720E-01
        42         CE      0.120000E-02      0.840000E-02      0.000000E+00     -0.254720E-01
        43         CE      0.120000E-02      0.920000E-02      0.000000E+00     -0.254720E-01
        44         CE      0.120000E-02      0.100000E-01      0.000000E+00     -0.254720E-01
        45         CE      0.120000E-02      0.108000E-01      0.000000E+00     -0.254720E-01
        46         CE      0.120000E-02      0.116000E-01      0.000000E+00     -0.254720E-01
        47         CE      0.120000E-02      0.124000E-01      0.000000E+00     -0.254720E-01
        48         CE      0.120000E-02      0.132000E-01      0.000000E+00     -0.254720E-01
        49         CE      0.120000E-02      0.140000E-01      0.000000E+00     -0.254720E-01
        50         CE      0.120000E-02      0.148000E-01      0.000000E+00     -0.254720E-01
        51         CE      0.120000E-02      0.156000E-01      0.000000E+00     -0.254720E-01
        52         CE      0.120000E-02      0.164000E-01      0.000000E+00     -0.254720E-01
        53         CE      0.120000E-02      0.172000E-01      0.000000E+00     -0.254720E-01
        54         CE      0.120000E-02      0.180000E-01      0.000000E+00     -0.254720E-01
        55         CE      0.120000E-02      0.188000E-01      0.000000E+00     -0.254720E-01
        56         CE      0.120000E-02      0.196000E-01      0.000000E+00     -0.254720E-01
        57         CE      0.120000E-02      0.204000E-01      0.000000E+00     -0.254720E-01
        58         CE      0.120000E-02      0.212000E-01      0.000000E+00     -0.254720E-01
        59         CE      0.120000E-02      0.220000E-01      0.000000E+00     -0.254720E-01
        60         CE      0.120000E-02      0.228000E-01      0.000000E+00     -0.254720E-01
        61         CE      0.120000E-02      0.236000E-01      0.000000E+00     -0.254720E-01
        62         CE      0.120000E-02      0.244000E-01      0.000000E+00     -0.254720E-01
        63         CE      0.120000E-02      0.252000E-01      0.000000E+00     -0.254720E-01
        64         CE      0.200000E-02      0.400000E-03      0.000000E+00     -0.254720E-01
        65         CE      0.200000E-02      0.120000E-02      0.000000E+00     -0.254720E-01
        66         CE      0.200000E-02      0.200000E-02      0.000000E+00     -0.254720E-01
        67         CE      0.200000E-02      0.280000E-02      0.000000E+00     -0.254720E-01
        68         CE      0.200000E-02      0.360000E-02      0.000000E+00     -0.254720E-01
        69         CE      0.200000E-02      0.440000E-02      0.000000E+00     -0.254720E-01
        70         CE      0.200000E-02      0.520000E-02      0.000000E+00     -0.254720E-01
        71         CE      0.200000E-02      0.600000E-02      0.000000E+00     -0.254720E-01
        72         CE      0.200000E-02      0.680000E-02      0.000000E+00     -0.254720E-01
        73         CE      0.200000E-02      0.760000E-02      0.000000E+00     -0.254720E-01
        74         CE      0.200000E-02      0.840000E-02      0.000000E+00     -0.254720E-01
        75         CE      0.200000E-02      0.920000E-02      0.000000E+00     -0.254720E-01
        76         CE      0.200000E-02      0.100000E-01      0.000000E+00     -0.254720E-01
        77         CE      0.200000E-02      0.108000E-01      0.000000E+00     -0.254720E-01
        78         CE      0.200000E-02      0.116000E-01      0.000000E+00     -0.254720E-01
        79         CE      0.200000E-02      0.124000E-01      0.000000E+00     -0.254720E-01
        80         CE      0.200000E-02      0.132000E-01      0.000000E+00     -0.254720E-01
        81         CE      0.200000E-02      0.140000E-01      0.000000E+00     -0.254720E-01
        82         CE      0.200000E-02      0.148000E-01      0.000000E+00     -0.254720E-01
        83         CE      0.200000E-02      0.156000E-01      0.000000E+00     -0.254720E-01
        84         CE      0.200000E-02      0.164000E-01      0.000000E+00     -0.254720E-01
        85         CE      0.200000E-02      0.172000E-01      0.000000E+00     -0.254720E-01
        86         CE      0.200000E-02      0.180000E-01      0.000000E+00     -0.254720E-01
        87         CE      0.200000E-02      0.188000E-01      0.000000E+00     -0.254720E-01
        88         CE      0.200000E-02      0.196000E-01      0.000000E+00     -0.254720E-01
        89         CE      0.200000E-02      0.204000E-01      0.000000E+00     -0.254720E-01
        90         CE      0.200000E-02      0.212000E-01      0.000000E+00     -0.254720E-01
        91         CE      0.200000E-02      0.220000E-01      0.000000E+00     -0.254720E-01
        92         CE      0.200000E-02      0.228000E-01      0.000000E+00     -0.254720E-01
        93         CE      0.200000E-02      0.236000E-01      0.000000E+00     -0.254720E-01
        94         CE      0.200000E-02      0.244000E-01      0.000000E+00     -0.254720E-01
        95         CE      0.200000E-02      0.252000E-01      0.000000E+00     -0.254720E-01
        96         CE      0.280000E-02      0.400000E-03      0.000000E+00     -0.254720E-01
        97         CE      0.280000E-02      0.120000E-02      0.000000E+00     -0.254720E-01
        98         CE      0.280000E-02      0.200000E-02      0.000000E+00     -0.254720E-01
        99         CE      0.280000E-02      0.280000E-02      0.000000E+00     -0.254720E-01
       100         CE      0.280000E-02      0.360000E-02      0.000000E+00     -0.254720E-01
       101         CE      0.280000E-02      0.440000E-02      0.000000E+00     -0.254720E-01
       102         CE      0.280000E-02      0.520000E-02      0.000000E+00     -0.254720E-01
       103         CE      0.280000E-02      0.600000E-02      0.000000E+00     -0.254720E-01
       104         CE      0.280000E-02      0.680000E-02      0.000000E+00     -0.254720E-01
       105         CE      0.280000E-02      0.760000E-02      0.000000E+00     -0.254720E-01
       106         CE      0.280000E-02      0.840000E-02      0.000000E+00     -0.254720E-01
       107         CE      0.280000E-02      0.920000E-02      0.000000E+00     -0.254720E-01
       108         CE      0.280000E-02      0.100000E-01      0.000000E+00     -0.254720E-01
       109         CE      0.280000E-02      0.108000E-01      0.000000E+00     -0.254720E-01
       110         CE      0.280000E-02      0.116000E-01      0.000000E+00     -0.254720E-01
       111         CE      0.280000E-02      0.124000E-01      0.000000E+00     -0.254720E-01
       112         CE      0.280000E-02      0.132000E-01      0.000000E+00     -0.254720E-01
       113         CE      0.280000E-02      0.140000E-01      0.000000E+00     -0.254720E-01
       114         CE      0.280000E-02      0.148000E-01      0.000000E+00     -0.254720E-01
       115         CE      0.280000E-02      0.156000E-01      0.000000E+00     -0.254720E-01
       116         CE      0.280000E-02      0.164000E-01      0.000000E+00     -0.254720E-01
       117         CE      0.280000E-02      0.172000E-01      0.000000E+00     -0.254720E-01
       118         CE      0.280000E-02      0.180000E-01      0.000000E+00     -0.254720E-01
       119         CE      0.280000E-02      0.188000E-01      0.000000E+00     -0.254720E-01
       120         CE      0.280000E-02      0.196000E-01      0.000000E+00     -0.254720E-01
       121         CE      0.280000E-02      0.204000E-01      0.000000E+00     -0.254720E-01
       122         CE      0.280000E-02      0.212000E-01      0.000000E+00     -0.254720E-01
       123         CE      0.280000E-02      0.220000E-01      0.000000E+00     -0.254720E-01
       124         CE      0.280000E-02      0.228000E-01      0.000000E+00     -0.254720E-01
       125         CE      0.280000E-02      0.236000E-01      0.000000E+00     -0.254720E-01
       126         CE      0.280000E-02      0.244000E-01      0.000000E+00     -0.254720E-01
       127         CE      0.280000E-02      0.252000E-01      0.000000E+00     -0.254720E-01
       128         CE      0.360000E-02      0.400000E-03      0.000000E+00     -0.254720E-01
       129         CE      0.360000E-02      0.120000E-02      0.000000E+00     -0.254720E-01
       130         CE      0.360000E-02      0.200000E-02      0.000000E+00     -0.254720E-01
       131         CE      0.360000E-02      0.280000E-02      0.000000E+00     -0.254720E-01
       132         CE      0.360000E-02      0.360000E-02      0.000000E+00     -0.254720E-01
       133         CE      0.360000E-02      0.440000E-02      0.000000E+00     -0.254720E-01
       134         CE      0.360000E-02      0.520000E-02      0.000000E+00     -0.254720E-01
       135         CE      0.360000E-02      0.600000E-02      0.000000E+00     -0.254720E-01
       136         CE      0.360000E-02      0.680000E-02      0.000000E+00     -0.254720E-01
       137         CE      0.360000E-02      0.760000E-02      0.000000E+00     -0.254720E-01
       138         CE      0.360000E-02      0.840000E-02      0.000000E+00     -0.254720E-01
       139         CE      0.360000E-02      0.920000E-02      0.000000E+00     -0.254720E-01
       140         CE      0.360000E-02      0.100000E-01      0.000000E+00     -0.254720E-01
       141         CE      0.360000E-02      0.108000E-01      0.000000E+00     -0.254720E-01
       142         CE      0.360000E-02      0.116000E-01      0.000000E+00     -0.254720E-01
       143         CE      0.360000E-02      0.124000E-01      0.000000E+00     -0.254720E-01
       144         CE      0.360000E-02      0.132000E-01      0.000000E+00     -0.254720E-01
       145         CE      0.360000E-02      0.140000E-01      0.000000E+00     -0.254720E-01
       146         CE      0.360000E-02      0.148000E-01      0.000000E+00     -0.254720E-01
       147         CE      0.360000E-02      0.156000E-01      0.000000E+00     -0.254720E-01
       148         CE      0.360000E-02      0.164000E-01      0.000000E+00     -0.254720E-01
       149         CE      0.360000E-02      0.172000E-01      0.000000E+00     -0.254720E-01
       150         CE      0.360000E-02      0.180000E-01      0.000000E+00     -0.254720E-01
       151         CE      0.360000E-02      0.188000E-01      0.000000E+00     -0.254720E-01
       152         CE      0.360000E-02      0.196000E-01      0.000000E+00     -0.254720E-01
       153         CE      0.360000E-02      0.204000E-01      0.000000E+00     -0.254720E-01
       154         CE      0.360000E-02      0.212000E-01      0.000000E+00     -0.254720E-01
       155         CE      0.360000E-02      0.220000E-01      0.000000E+00     -0.254720E-01
       156         CE      0.360000E-02      0.228000E-01      0.000000E+00     -0.254720E-01
       157         CE      0.360000E-02      0.236000E-01      0.000000E+00     -0.254720E-01
       158         CE      0.360000E-02      0.244000E-01      0.000000E+00     -0.254720E-01
       159         CE      0.360000E-02      0.252000E-01      0.000000E+00     -0.254720E-01
       160         CE      0.440000E-02      0.400000E-03      0.000000E+00     -0.254720E-01
       161         CE      0.440000E-02      0.120000E-02      0.000000E+00     -0.254720E-01
       162         CE      0.440000E-02      0.200000E-02      0.000000E+00     -0.254720E-01
       163         CE      0.440000E-02      0.280000E-02      0.000000E+00     -0.254720E-01
       164         CE      0.440000E-02      0.360000E-02      0.000000E+00     -0.254720E-01
       165         CE      0.440000E-02      0.440000E-02      0.000000E+00     -0.254720E-01
       166         CE      0.440000E-02      0.520000E-02      0.000000E+00     -0.254720E-01
       167         CE      0.440000E-02      0.600000E-02      0.000000E+00     -0.254720E-01
       168         CE      0.440000E-02      0.680000E-02      0.000000E+00     -0.254720E-01
       169         CE      0.440000E-02      0.760000E-02      0.000000E+00     -0.254720E-01
       170         CE      0.440000E-02      0.840000E-02      0.000000E+00     -0.254720E-01
       171         CE      0.440000E-02      0.920000E-02      0.000000E+00     -0.254720E-01
       172         CE      0.440000E-02      0.100000E-01      0.000000E+00     -0.254720E-01
       173         CE      0.440000E-02      0.108000E-01      0.000000E+00     -0.254720E-01
       174         CE      0.440000E-02      0.116000E-01      0.000000E+00     -0.254720E-01
       175         CE      0.440000E-02      0.124000E-01      0.000000E+00     -0.254720E-01
       176         CE      0.440000E-02      0.132000E-01      0.000000E+00     -0.254720E-01
       177         CE      0.440000E-02      0.140000E-01      0.000000E+00     -0.254720E-01
       178         CE      0.440000E-02      0.148000E-01      0.000000E+00     -0.254720E-01
       179         CE      0.440000E-02      0.156000E-01      0.000000E+00     -0.254720E-01
       180         CE      0.440000E-02      0.164000E-01      0.000000E+00     -0.254720E-01
       181         CE      0.440000E-02      0.172000E-01      0.000000E+00     -0.254720E-01
       182         CE      0.440000E-02      0.180000E-01      0.000000E+00     -0.254720E-01
       183         CE      0.440000E-02      0.188000E-01      0.000000E+00     -0.254720E-01
       184         CE      0.440000E-02      0.196000E-01      0.000000E+00     -0.254720E-01
       185         CE      0.440000E-02      0.204000E-01      0.000000E+00     -0.254720E-01
       186         CE      0.440000E-02      0.212000E-01      0.000000E+00     -0.254720E-01
       187         CE      0.440000E-02      0.220000E-01      0.000000E+00     -0.254720E-01
       188         CE      0.440000E-02      0.228000E-01      0.000000E+00     -0.254720E-01
       189         CE      0.440000E-02      0.236000E-01      0.000000E+00     -0.254720E-01
       190         CE      0.440000E-02      0.244000E-01      0.000000E+00     -0.254720E-01
       191         CE      0.440000E-02      0.252000E-01      0.000000E+00     -0.254720E-01
       192         CE      0.520000E-02      0.400000E-03      0.000000E+00     -0.254720E-01
       193         CE      0.520000E-02      0.120000E-02      0.000000E+00     -0.254720E-01
       194         CE      0.520000E-02      0.200000E-02      0.000000E+00     -0.254720E-01
       195         CE      0.520000E-02      0.280000E-02      0.000000E+00     -0.254720E-01
       196         CE      0.520000E-02      0.360000E-02      0.000000E+00     -0.254720E-01
       197         CE      0.520000E-02      0.440000E-02      0.000000E+00     -0.254720E-01
       198         CE      0.520000E-02      0.520000E-02      0.000000E+00     -0.254720E-01
       199         CE      0.520000E-02      0.600000E-02      0.000000E+00     -0.254720E-01
       200         CE      0.520000E-02      0.680000E-02      0.000000E+00     -0.254720E-01
       201         CE      0.520000E-02      0.760000E-02      0.000000E+00     -0.254720E-01
       202         CE      0.520000E-02      0.840000E-02      0.000000E+00     -0.254720E-01
       203         CE      0.520000E-02      0.920000E-02      0.000000E+00     -0.254720E-01
       204         CE      0.520000E-02      0.100000E-01      0.000000E+00     -0.254720E-01
       205         CE      0.520000E-02      0.108000E-01      0.000000E+00     -0.254720E-01
       206         CE      0.520000E-02      0.116000E-01      0.000000E+00     -0.254720E-01
       207         CE      0.520000E-02      0.124000E-01      0.000000E+00     -0.254720E-01
       208         CE      0.520000E-02      0.132000E-01      0.000000E+00     -0.254720E-01
       209         CE      0.520000E-02      0.140000E-01      0.000000E+00     -0.254720E-01
       210         CE      0.520000E-02      0.148000E-01      0.000000E+00     -0.254720E-01
       211         CE      0.520000E-02      0.156000E-01      0.000000E+00     -0.254720E-01
       212         CE      0.520000E-02      0.164000E-01      0.000000E+00     -0.254720E-01
       213         CE      0.520000E-02      0.172000E-01      0.000000E+00     -0.254720E-01
       214         CE      0.520000E-02      0.180000E-01      0.000000E+00     -0.254720E-01
       215         CE      0.520000E-02      0.188000E-01      0.000000E+00     -0.254720E-01
       216         CE      0.520000E-02      0.196000E-01      0.000000E+00     -0.254720E-01
       217         CE      0.520000E-02      0.204000E-01      0.000000E+00     -0.254720E-01
       218         CE      0.520000E-02      0.212000E-01      0.000000E+00     -0.254720E-01
       219         CE      0.520000E-02      0.220000E-01      0.000000E+00     -0.254720E-01
       220         CE      0.520000E-02      0.228000E-01      0.000000E+00     -0.254720E-01
       221         CE      0.520000E-02      0.236000E-01      0.000000E+00     -0.254720E-01
       222         CE      0.520000E-02      0.244000E-01      0.000000E+00     -0.254720E-01
       223         CE      0.520000E-02      0.252000E-01      0.000000E+00     -0.254720E-01
       224         CE      0.600000E-02      0.400000E-03      0.000000E+00     -0.254720E-01
       225         CE      0.600000E-02      0.120000E-02      0.000000E+00     -0.254720E-01
       226         CE      0.600000E-02      0.200000E-02      0.000000E+00     -0.254720E-01
       227         CE      0.600000E-02      0.280000E-02      0.000000E+00     -0.254720E-01
       228         CE      0.600000E-02      0.360000E-02      0.000000E+00     -0.254720E-01
       229         CE      0.600000E-02      0.440000E-02      0.000000E+00     -0.254720E-01
       230         CE      0.600000E-02      0.520000E-02      0.000000E+00     -0.254720E-01
       231         CE      0.600000E-02      0.600000E-02      0.000000E+00     -0.254720E-01
       232         CE      0.600000E-02      0.680000E-02      0.000000E+00     -0.254720E-01
       233         CE      0.600000E-02      0.760000E-02      0.000000E+00     -0.254720E-01
       234         CE      0.600000E-02      0.840000E-02      0.000000E+00     -0.254720E-01
       235         CE      0.600000E-02      0.920000E-02      0.000000E+00     -0.254720E-01
       236         CE      0.600000E-02      0.100000E-01      0.000000E+00     -0.254720E-01
       237         CE      0.600000E-02      0.108000E-01      0.000000E+00     -0.254720E-01
       238         CE      0.600000E-02      0.116000E-01      0.000000E+00     -0.254720E-01
       239         CE      0.600000E-02      0.124000E-01      0.000000E+00     -0.254720E-01
       240         CE      0.600000E-02      0.132000E-01      0.000000E+00     -0.254720E-01
       241         CE      0.600000E-02      0.140000E-01      0.000000E+00     -0.254720E-01
       242         CE      0.600000E-02      0.148000E-01      0.000000E+00     -0.254720E-01
       243         CE      0.600000E-02      0.156000E-01      0.000000E+00     -0.254720E-01
       244         CE      0.600000E-02      0.164000E-01      0.000000E+00     -0.254720E-01
       245         CE      0.600000E-02      0.172000E-01      0.000000E+00     -0.254720E-01
       246         CE      0.600000E-02      0.180000E-01      0.000000E+00     -0.254720E-01
       247         CE      0.600000E-02      0.188000E-01      0.000000E+00     -0.254720E-01
       248         CE      0.600000E-02      0.196000E-01      0.000000E+00     -0.254720E-01
       249         CE      0.600000E-02      0.204000E-01      0.000000E+00     -0.254720E-01
       250         CE      0.600000E-02      0.212000E-01      0.000000E+00     -0.254720E-01
       251         CE      0.600000E-02      0.220000E-01      0.000000E+00     -0.254720E-01
       252         CE      0.600000E-02      0.228000E-01      0.000000E+00     -0.254720E-01
       253         CE      0.600000E-02      0.236000E-01      0.000000E+00     -0.254720E-01
       254         CE      0.600000E-02      0.244000E-01      0.000000E+00     -0.254720E-01
       255         CE      0.600000E-02      0.252000E-01      0.000000E+00     -0.254720E-01
       256         CE      0.680000E-02      0.400000E-03      0.000000E+00     -0.254720E-01
       257         CE      0.680000E-02      0.120000E-02      0.000000E+00     -0.254720E-01
       258         CE      0.680000E-02      0.200000E-02      0.000000E+00     -0.254720E-01
       259         CE      0.680000E-02      0.280000E-02      0.000000E+00     -0.254720E-01
       260         CE      0.680000E-02      0.360000E-02      0.000000E+00     -0.254720E-01
       261         CE      0.680000E-02      0.440000E-02      0.000000E+00     -0.254720E-01
       262         CE      0.680000E-02      0.520000E-02      0.000000E+00     -0.254720E-01
       263         CE      0.680000E-02      0.600000E-02      0.000000E+00     -0.254720E-01
       264         CE      0.680000E-02      0.680000E-02      0.000000E+00     -0.254720E-01
       265         CE      0.680000E-02      0.760000E-02      0.000000E+00     -0.254720E-01
       266         CE      0.680000E-02      0.840000E-02      0.000000E+00     -0.254720E-01
       267         CE      0.680000E-02      0.920000E-02      0.000000E+00     -0.254720E-01
       268         CE      0.680000E-02      0.100000E-01      0.000000E+00     -0.254720E-01
       269         CE      0.680000E-02      0.108000E-01      0.000000E+00     -0.254720E-01
       270         CE      0.680000E-02      0.116000E-01      0.000000E+00     -0.254720E-01
       271         CE      0.680000E-02      0.124000E-01      0.000000E+00     -0.254720E-01
       272         CE      0.680000E-02      0.132000E-01      0.000000E+00     -0.254720E-01
       273         CE      0.680000E-02      0.140000E-01      0.000000E+00     -0.254720E-01
       274         CE      0.680000E-02      0.148000E-01      0.000000E+00     -0.254720E-01
       275         CE      0.680000E-02      0.156000E-01      0.000000E+00     -0.254720E-01
       276         CE      0.680000E-02      0.164000E-01      0.000000E+00     -0.254720E-01
       277         CE      0.680000E-02      0.172000E-01      0.000000E+00     -0.254720E-01
       278         CE      0.680000E-02      0.180000E-01      0.000000E+00     -0.254720E-01
       279         CE      0.680000E-02      0.188000E-01      0.000000E+00     -0.254720E-01
       280         CE      0.680000E-02      0.196000E-01      0.000000E+00     -0.254720E-01
       281         CE      0.680000E-02      0.204000E-01      0.000000E+00     -0.254720E-01
       282         CE      0.680000E-02      0.212000E-01      0.000000E+00     -0.254720E-01
       283         CE      0.680000E-02      0.220000E-01      0.000000E+00     -0.254720E-01
       284         CE      0.680000E-02      0.228000E-01      0.000000E+00     -0.254720E-01
       285         CE      0.680000E-02      0.236000E-01      0.000000E+00     -0.254720E-01
       286         CE      0.680000E-02      0.244000E-01      0.000000E+00     -0.254720E-01
       287         CE      0.680000E-02      0.252000E-01      0.000000E+00     -0.254720E-01
       288         CE      0.760000E-02      0.400000E-03      0.000000E+00     -0.254720E-01
       289         CE      0.760000E-02      0.120000E-02      0.000000E+00     -0.254720E-01
       290         CE      0.760000E-02      0.200000E-02      0.000000E+00     -0.254720E-01
       291         CE      0.760000E-02      0.280000E-02      0.000000E+00     -0.254720E-01
       292         CE      0.760000E-02      0.360000E-02      0.000000E+00     -0.254720E-01
       293         CE      0.760000E-02      0.440000E-02      0.000000E+00     -0.254720E-01
       294         CE      0.760000E-02      0.520000E-02      0.000000E+00     -0.254720E-01
       295         CE      0.760000E-02      0.600000E-02      0.000000E+00     -0.254720E-01
       296         CE      0.760000E-02      0.680000E-02      0.000000E+00     -0.254720E-01
       297         CE      0.760000E-02      0.760000E-02      0.000000E+00     -0.254720E-01
       298         CE      0.760000E-02      0.840000E-02      0.000000E+00     -0.254720E-01
       299         CE      0.760000E-02      0.920000E-02      0.000000E+00     -0.254720E-01
       300         CE      0.760000E-02      0.100000E-01      0.000000E+00     -0.254720E-01
       301         CE      0.760000E-02      0.108000E-01      0.000000E+00     -0.254720E-01
       302         CE      0.760000E-02      0.116000E-01      0.000000E+00     -0.254720E-01
       303         CE      0.760000E-02      0.124000E-01      0.000000E+00     -0.254720E-01
       304         CE      0.760000E-02      0.132000E-01      0.000000E+00     -0.254720E-01
       305         CE      0.760000E-02      0.140000E-01      0.000000E+00     -0.254720E-01
       306         CE      0.760000E-02      0.148000E-01      0.000000E+00     -0.254720E-01
       307         CE      0.760000E-02      0.156000E-01      0.000000E+00     -0.254720E-01
       308         CE      0.760000E-02      0.164000E-01      0.000000E+00     -0.254720E-01
       309         CE      0.760000E-02      0.172000E-01      0.000000E+00     -0.254720E-01
       310         CE      0.760000E-02      0.180000E-01      0.000000E+00     -0.254720E-01
       311         CE      0.760000E-02      0.188000E-01      0.000000E+00     -0.254720E-01
       312         CE      0.760000E-02      0.196000E-01      0.000000E+00     -0.254720E-01
       313         CE      0.760000E-02      0.204000E-01      0.000000E+00     -0.254720E-01
       314         CE      0.760000E-02      0.212000E-01      0.000000E+00     -0.254720E-01
       315         CE      0.760000E-02      0.220000E-01      0.000000E+00     -0.254720E-01
       316         CE      0.760000E-02      0.228000E-01      0.000000E+00     -0.254720E-01
       317         CE      0.760000E-02      0.236000E-01      0.000000E+00     -0.254720E-01
       318         CE      0.760000E-02      0.244000E-01      0.000000E+00     -0.254720E-01
       319         CE      0.760000E-02      0.252000E-01      0.000000E+00     -0.254720E-01
       320         CE      0.840000E-02      0.400000E-03      0.000000E+00     -0.254720E-01
       321         CE      0.840000E-02      0.120000E-02      0.000000E+00     -0.254720E-01
       322         CE      0.840000E-02      0.200000E-02      0.000000E+00     -0.254720E-01
       323         CE      0.840000E-02      0.280000E-02      0.000000E+00     -0.254720E-01
       324         CE      0.840000E-02      0.360000E-02      0.000000E+00     -0.254720E-01
       325         CE      0.840000E-02      0.440000E-02      0.000000E+00     -0.254720E-01
       326         CE      0.840000E-02      0.520000E-02      0.000000E+00     -0.254720E-01
       327         CE      0.840000E-02      0.600000E-02      0.000000E+00     -0.254720E-01
       328         CE      0.840000E-02      0.680000E-02      0.000000E+00     -0.254720E-01
       329         CE      0.840000E-02      0.760000E-02      0.000000E+00     -0.254720E-01
       330         CE      0.840000E-02      0.840000E-02      0.000000E+00     -0.254720E-01
       331         CE      0.840000E-02      0.920000E-02      0.000000E+00     -0.254720E-01
       332         CE      0.840000E-02      0.100000E-01      0.000000E+00     -0.254720E-01
       333         CE      0.840000E-02      0.108000E-01      0.000000E+00     -0.254720E-01
       334         CE      0.840000E-02      0.116000E-01      0.000000E+00     -0.254720E-01
       335         CE      0.840000E-02      0.124000E-01      0.000000E+00     -0.254720E-01
       336         CE      0.840000E-02      0.132000E-01      0.000000E+00     -0.254720E-01
       337         CE      0.840000E-02      0.140000E-01      0.000000E+00     -0.254720E-01
       338         CE      0.840000E-02      0.148000E-01      0.000000E+00     -0.254720E-01
       339         CE      0.840000E-02      0.156000E-01      0.000000E+00     -0.254720E-01
       340         CE      0.840000E-02      0.164000E-01      0.000000E+00     -0.254720E-01
       341         CE      0.840000E-02      0.172000E-01      0.000000E+00     -0.254720E-01
       342         CE      0.840000E-02      0.180000E-01      0.000000E+00     -0.254720E-01
       343         CE      0.840000E-02      0.188000E-01      0.000000E+00     -0.254720E-01
       344         CE      0.840000E-02      0.196000E-01      0.000000E+00     -0.254720E-01
       345         CE      0.840000E-02      0.204000E-01      0.000000E+00     -0.254720E-01
       346         CE      0.840000E-02      0.212000E-01      0.000000E+00     -0.254720E-01
       347         CE      0.840000E-02      0.220000E-01      0.000000E+00     -0.254720E-01
       348         CE      0.840000E-02      0.228000E-01      0.000000E+00     -0.254720E-01
       349         CE      0.840000E-02      0.236000E-01      0.000000E+00     -0.254720E-01
       350         CE      0.840000E-02      0.244000E-01      0.000000E+00     -0.254720E-01
       351         CE      0.840000E-02      0.252000E-01      0.000000E+00     -0.254720E-01
       352         CE      0.920000E-02      0.400000E-03      0.000000E+00     -0.254720E-01
       353         CE      0.920000E-02      0.120000E-02      0.000000E+00     -0.254720E-01
       354         CE      0.920000E-02      0.200000E-02      0.000000E+00     -0.254720E-01
       355         CE      0.920000E-02      0.280000E-02      0.000000E+00     -0.254720E-01
       356         CE      0.920000E-02      0.360000E-02      0.000000E+00     -0.254720E-01
       357         CE      0.920000E-02      0.440000E-02      0.000000E+00     -0.254720E-01
       358         CE      0.920000E-02      0.520000E-02      0.000000E+00     -0.254720E-01
       359         CE      0.920000E-02      0.600000E-02      0.000000E+00     -0.254720E-01
       360         CE      0.920000E-02      0.680000E-02      0.000000E+00     -0.254720E-01
       361         CE      0.920000E-02      0.760000E-02      0.000000E+00     -0.254720E-01
       362         CE      0.920000E-02      0.840000E-02      0.000000E+00     -0.254720E-01
       363         CE      0.920000E-02      0.920000E-02      0.000000E+00     -0.254720E-01
       364         CE      0.920000E-02      0.100000E-01      0.000000E+00     -0.254720E-01
       365         CE      0.920000E-02      0.108000E-01      0.000000E+00     -0.254720E-01
       366         CE      0.920000E-02      0.116000E-01      0.000000E+00     -0.254720E-01
       367         CE      0.920000E-02      0.124000E-01      0.000000E+00     -0.254720E-01
       368         CE      0.920000E-02      0.132000E-01      0.000000E+00     -0.254720E-01
       369         CE      0.920000E-02      0.140000E-01      0.000000E+00     -0.254720E-01
       370         CE      0.920000E-02      0.148000E-01      0.000000E+00     -0.254720E-01
       371         CE      0.920000E-02      0.156000E-01      0.000000E+00     -0.254720E-01
       372         CE      0.920000E-02      0.164000E-01      0.000000E+00     -0.254720E-01
       373         CE      0.920000E-02      0.172000E-01      0.000000E+00     -0.254720E-01
       374         CE      0.920000E-02      0.180000E-01      0.000000E+00     -0.254720E-01
       375         CE      0.920000E-02      0.188000E-01      0.000000E+00     -0.254720E-01
       376         CE      0.920000E-02      0.196000E-01      0.000000E+00     -0.254720E-01
       377         CE      0.920000E-02      0.204000E-01      0.000000E+00     -0.254720E-01
       378         CE      0.920000E-02      0.212000E-01      0.000000E+00     -0.254720E-01
       379         CE      0.920000E-02      0.220000E-01      0.000000E+00     -0.254720E-01
       380         CE      0.920000E-02      0.228000E-01      0.000000E+00     -0.254720E-01
       381         CE      0.920000E-02      0.236000E-01      0.000000E+00     -0.254720E-01
       382         CE      0.920000E-02      0.244000E-01      0.000000E+00     -0.254720E-01
       383         CE      0.920000E-02      0.252000E-01      0.000000E+00     -0.254720E-01
       384         CE      0.100000E-01      0.400000E-03      0.000000E+00     -0.254720E-01
       385         CE      0.100000E-01      0.120000E-02      0.000000E+00     -0.254720E-01
       386         CE      0.100000E-01      0.200000E-02      0.000000E+00     -0.254720E-01
       387         CE      0.100000E-01      0.280000E-02      0.000000E+00     -0.254720E-01
       388         CE      0.100000E-01      0.360000E-02      0.000000E+00     -0.254720E-01
       389         CE      0.100000E-01      0.440000E-02      0.000000E+00     -0.254720E-01
       390         CE      0.100000E-01      0.520000E-02      0.000000E+00     -0.254720E-01
       391         CE      0.100000E-01      0.600000E-02      0.000000E+00     -0.254720E-01
       392         CE      0.100000E-01      0.680000E-02      0.000000E+00     -0.254720E-01
       393         CE      0.100000E-01      0.760000E-02      0.000000E+00     -0.254720E-01
       394         CE      0.100000E-01      0.840000E-02      0.000000E+00     -0.254720E-01
       395         CE      0.100000E-01      0.920000E-02      0.000000E+00     -0.254720E-01
       396         CE      0.100000E-01      0.100000E-01      0.000000E+00     -0.254720E-01
       397         CE      0.100000E-01      0.108000E-01      0.000000E+00     -0.254720E-01
       398         CE      0.100000E-01      0.116000E-01      0.000000E+00     -0.254720E-01
       399         CE      0.100000E-01      0.124000E-01      0.000000E+00     -0.254720E-01
       400         CE      0.100000E-01      0.132000E-01      0.000000E+00     -0.254720E-01
       401         CE      0.100000E-01      0.140000E-01      0.000000E+00     -0.254720E-01
       402         CE      0.100000E-01      0.148000E-01      0.000000E+00     -0.254720E-01
       403         CE      0.100000E-01      0.156000E-01      0.000000E+00     -0.254720E-01
       404         CE      0.100000E-01      0.164000E-01      0.000000E+00     -0.254720E-01
       405         CE      0.100000E-01      0.172000E-01      0.000000E+00     -0.254720E-01
       406         CE      0.100000E-01      0.180000E-01      0.000000E+00     -0.254720E-01
       407         CE      0.100000E-01      0.188000E-01      0.000000E+00     -0.254720E-01
       408         CE      0.100000E-01      0.196000E-01      0.000000E+00     -0.254720E-01
       409         CE      0.100000E-01      0.204000E-01      0.000000E+00     -0.254720E-01
       410         CE      0.100000E-01      0.212000E-01      0.000000E+00     -0.254720E-01
       411         CE      0.100000E-01      0.220000E-01      0.000000E+00     -0.254720E-01
       412         CE      0.100000E-01      0.228000E-01      0.000000E+00     -0.254720E-01
       413         CE      0.100000E-01      0.236000E-01      0.000000E+00     -0.254720E-01
       414         CE      0.100000E-01      0.244000E-01      0.000000E+00     -0.254720E-01
       415         CE      0.100000E-01      0.252000E-01      0.000000E+00     -0.254720E-01
       416         CE      0.108000E-01      0.400000E-03      0.000000E+00     -0.254720E-01
       417         CE      0.108000E-01      0.120000E-02      0.000000E+00     -0.254720E-01
       418         CE      0.108000E-01      0.200000E-02      0.000000E+00     -0.254720E-01
       419         CE      0.108000E-01      0.280000E-02      0.000000E+00     -0.254720E-01
       420         CE      0.108000E-01      0.360000E-02      0.000000E+00     -0.254720E-01
       421         CE      0.108000E-01      0.440000E-02      0.000000E+00     -0.254720E-01
       422         CE      0.108000E-01      0.520000E-02      0.000000E+00     -0.254720E-01
       423         CE      0.108000E-01      0.600000E-02      0.000000E+00     -0.254720E-01
       424         CE      0.108000E-01      0.680000E-02      0.000000E+00     -0.254720E-01
       425         CE      0.108000E-01      0.760000E-02      0.000000E+00     -0.254720E-01
       426         CE      0.108000E-01      0.840000E-02      0.000000E+00     -0.254720E-01
       427         CE      0.108000E-01      0.920000E-02      0.000000E+00     -0.254720E-01
       428         CE      0.108000E-01      0.100000E-01      0.000000E+00     -0.254720E-01
       429         CE      0.108000E-01      0.108000E-01      0.000000E+00     -0.254720E-01
       430         CE      0.108000E-01      0.116000E-01      0.000000E+00     -0.254720E-01
       431         CE      0.108000E-01      0.124000E-01      0.000000E+00     -0.254720E-01
       432         CE      0.108000E-01      0.132000E-01      0.000000E+00     -0.254720E-01
       433         CE      0.108000E-01      0.140000E-01      0.000000E+00     -0.254720E-01
       434         CE      0.108000E-01      0.148000E-01      0.000000E+00     -0.254720E-01
       435         CE      0.108000E-01      0.156000E-01      0.000000E+00     -0.254720E-01
       436         CE      0.108000E-01      0.164000E-01      0.000000E+00     -0.254720E-01
       437         CE      0.108000E-01      0.172000E-01      0.000000E+00     -0.254720E-01
       438         CE      0.108000E-01      0.180000E-01      0.000000E+00     -0.254720E-01
       439         CE      0.108000E-01      0.188000E-01      0.000000E+00     -0.254720E-01
       440         CE      0.108000E-01      0.196000E-01      0.000000E+00     -0.254720E-01
       441         CE      0.108000E-01      0.204000E-01      0.000000E+00     -0.254720E-01
       442         CE      0.108000E-01      0.212000E-01      0.000000E+00     -0.254720E-01
       443         CE      0.108000E-01      0.220000E-01      0.000000E+00     -0.254720E-01
       444         CE      0.108000E-01      0.228000E-01      0.000000E+00     -0.254720E-01
       445         CE      0.108000E-01      0.236000E-01      0.000000E+00     -0.254720E-01
       446         CE      0.108000E-01      0.244000E-01      0.000000E+00     -0.254720E-01
       447         CE      0.108000E-01      0.252000E-01      0.000000E+00     -0.254720E-01
       448         CE      0.116000E-01      0.400000E-03      0.000000E+00     -0.254720E-01
       449         CE      0.116000E-01      0.120000E-02      0.000000E+00     -0.254720E-01
       450         CE      0.116000E-01      0.200000E-02      0.000000E+00     -0.254720E-01
       451         CE      0.116000E-01      0.280000E-02      0.000000E+00     -0.254720E-01
       452         CE      0.116000E-01      0.360000E-02      0.000000E+00     -0.254720E-01
       453         CE      0.116000E-01      0.440000E-02      0.000000E+00     -0.254720E-01
       454         CE      0.116000E-01      0.520000E-02      0.000000E+00     -0.254720E-01
       455         CE      0.116000E-01      0.600000E-02      0.000000E+00     -0.254720E-01
       456         CE      0.116000E-01      0.680000E-02      0.000000E+00     -0.254720E-01
       457         CE      0.116000E-01      0.760000E-02      0.000000E+00     -0.254720E-01
       458         CE      0.116000E-01      0.840000E-02      0.000000E+00     -0.254720E-01
       459         CE      0.116000E-01      0.920000E-02      0.000000E+00     -0.254720E-01
       460         CE      0.116000E-01      0.100000E-01      0.000000E+00     -0.254720E-01
       461         CE      0.116000E-01      0.108000E-01      0.000000E+00     -0.254720E-01
       462         CE      0.116000E-01      0.116000E-01      0.000000E+00     -0.254720E-01
       463         CE      0.116000E-01      0.124000E-01      0.000000E+00     -0.254720E-01
       464         CE      0.116000E-01      0.132000E-01      0.000000E+00     -0.254720E-01
       465         CE      0.116000E-01      0.140000E-01      0.000000E+00     -0.254720E-01
       466         CE      0.116000E-01      0.148000E-01      0.000000E+00     -0.254720E-01
       467         CE      0.116000E-01      0.156000E-01      0.000000E+00     -0.254720E-01
       468         CE      0.116000E-01      0.164000E-01      0.000000E+00     -0.254720E-01
       469         CE      0.116000E-01      0.172000E-01      0.000000E+00     -0.254720E-01
       470         CE      0.116000E-01      0.180000E-01      0.000000E+00     -0.254720E-01
       471         CE      0.116000E-01      0.188000E-01      0.000000E+00     -0.254720E-01
       472         CE      0.116000E-01      0.196000E-01      0.000000E+00     -0.254720E-01
       473         CE      0.116000E-01      0.204000E-01      0.000000E+00     -0.254720E-01
       474         CE      0.116000E-01      0.212000E-01      0.000000E+00     -0.254720E-01
       475         CE      0.116000E-01      0.220000E-01      0.000000E+00     -0.254720E-01
       476         CE      0.116000E-01      0.228000E-01      0.000000E+00     -0.254720E-01
       477         CE      0.116000E-01      0.236000E-01      0.000000E+00     -0.254720E-01
       478         CE      0.116000E-01      0.244000E-01      0.000000E+00     -0.254720E-01
       479         CE      0.116000E-01      0.252000E-01      0.000000E+00     -0.254720E-01
       480         CE      0.124000E-01      0.400000E-03      0.000000E+00     -0.254720E-01
       481         CE      0.124000E-01      0.120000E-02      0.000000E+00     -0.254720E-01
       482         CE      0.124000E-01      0.200000E-02      0.000000E+00     -0.254720E-01
       483         CE      0.124000E-01      0.280000E-02      0.000000E+00     -0.254720E-01
       484         CE      0.124000E-01      0.360000E-02      0.000000E+00     -0.254720E-01
       485         CE      0.124000E-01      0.440000E-02      0.000000E+00     -0.254720E-01
       486         CE      0.124000E-01      0.520000E-02      0.000000E+00     -0.254720E-01
       487         CE      0.124000E-01      0.600000E-02      0.000000E+00     -0.254720E-01
       488         CE      0.124000E-01      0.680000E-02      0.000000E+00     -0.254720E-01
       489         CE      0.124000E-01      0.760000E-02      0.000000E+00     -0.254720E-01
       490         CE      0.124000E-01      0.840000E-02      0.000000E+00     -0.254720E-01
       491         CE      0.124000E-01      0.920000E-02      0.000000E+00     -0.254720E-01
       492         CE      0.124000E-01      0.100000E-01      0.000000E+00     -0.254720E-01
       493         CE      0.124000E-01      0.108000E-01      0.000000E+00     -0.254720E-01
       494         CE      0.124000E-01      0.116000E-01      0.000000E+00     -0.254720E-01
       495         CE      0.124000E-01      0.124000E-01      0.000000E+00     -0.254720E-01
       496         CE      0.124000E-01      0.132000E-01      0.000000E+00     -0.254720E-01
       497         CE      0.124000E-01      0.140000E-01      0.000000E+00     -0.254720E-01
       498         CE      0.124000E-01      0.148000E-01      0.000000E+00     -0.254720E-01
       499         CE      0.124000E-01      0.156000E-01      0.000000E+00     -0.254720E-01
       500         CE      0.124000E-01      0.164000E-01      0.000000E+00     -0.254720E-01
       501         CE      0.124000E-01      0.172000E-01      0.000000E+00     -0.254720E-01
       502         CE      0.124000E-01      0.180000E-01      0.000000E+00     -0.254720E-01
       503         CE      0.124000E-01      0.188000E-01      0.000000E+00     -0.254720E-01
       504         CE      0.124000E-01      0.196000E-01      0.000000E+00     -0.254720E-01
       505         CE      0.124000E-01      0.204000E-01      0.000000E+00     -0.254720E-01
       506         CE      0.124000E-01      0.212000E-01      0.000000E+00     -0.254720E-01
       507         CE      0.124000E-01      0.220000E-01      0.000000E+00     -0.254720E-01
       508         CE      0.124000E-01      0.228000E-01      0.000000E+00     -0.254720E-01
       509         CE      0.124000E-01      0.236000E-01      0.000000E+00     -0.254720E-01
       510         CE      0.124000E-01      0.244000E-01      0.000000E+00     -0.254720E-01
       511         CE      0.124000E-01      0.252000E-01      0.000000E+00     -0.254720E-01
       512         CE      0.132000E-01      0.400000E-03      0.000000E+00     -0.254720E-01
       513         CE      0.132000E-01      0.120000E-02      0.000000E+00     -0.254720E-01
       514         CE      0.132000E-01      0.200000E-02      0.000000E+00     -0.254720E-01
       515         CE      0.132000E-01      0.280000E-02      0.000000E+00     -0.254720E-01
       516         CE      0.132000E-01      0.360000E-02      0.000000E+00     -0.254720E-01
       517         CE      0.132000E-01      0.440000E-02      0.000000E+00     -0.254720E-01
       518         CE      0.132000E-01      0.520000E-02      0.000000E+00     -0.254720E-01
       519         CE      0.132000E-01      0.600000E-02      0.000000E+00     -0.254720E-01
       520         CE      0.132000E-01      0.680000E-02      0.000000E+00     -0.254720E-01
       521         CE      0.132000E-01      0.760000E-02      0.000000E+00     -0.254720E-01
       522         CE      0.132000E-01      0.840000E-02      0.000000E+00     -0.254720E-01
       523         CE      0.132000E-01      0.920000E-02      0.000000E+00     -0.254720E-01
       524         CE      0.132000E-01      0.100000E-01      0.000000E+00     -0.254720E-01
       525         CE      0.132000E-01      0.108000E-01      0.000000E+00     -0.254720E-01
       526         CE      0.132000E-01      0.116000E-01      0.000000E+00     -0.254720E-01
       527         CE      0.132000E-01      0.124000E-01      0.000000E+00     -0.254720E-01
       528         CE      0.132000E-01      0.132000E-01      0.000000E+00     -0.254720E-01
       529         CE      0.132000E-01      0.140000E-01      0.000000E+00     -0.254720E-01
       530         CE      0.132000E-01      0.148000E-01      0.000000E+00     -0.254720E-01
       531         CE      0.132000E-01      0.156000E-01      0.000000E+00     -0.254720E-01
       532         CE      0.132000E-01      0.164000E-01      0.000000E+00     -0.254720E-01
       533         CE      0.132000E-01      0.172000E-01      0.000000E+00     -0.254720E-01
       534         CE      0.132000E-01      0.180000E-01      0.000000E+00     -0.254720E-01
       535         CE      0.132000E-01      0.188000E-01      0.000000E+00     -0.254720E-01
       536         CE      0.132000E-01      0.196000E-01      0.000000E+00     -0.254720E-01
       537         CE      0.132000E-01      0.204000E-01      0.000000E+00     -0.254720E-01
       538         CE      0.132000E-01      0.212000E-01      0.000000E+00     -0.254720E-01
       539         CE      0.132000E-01      0.220000E-01      0.000000E+00     -0.254720E-01
       540         CE      0.132000E-01      0.228000E-01      0.000000E+00     -0.254720E-01
       541         CE      0.132000E-01      0.236000E-01      0.000000E+00     -0.254720E-01
       542         CE      0.132000E-01      0.244000E-01      0.000000E+00     -0.254720E-01
       543         CE      0.132000E-01      0.252000E-01      0.000000E+00     -0.254720E-01
       544         CE      0.140000E-01      0.400000E-03      0.000000E+00     -0.254720E-01
       545         CE      0.140000E-01      0.120000E-02      0.000000E+00     -0.254720E-01
       546         CE      0.140000E-01      0.200000E-02      0.000000E+00     -0.254720E-01
       547         CE      0.140000E-01      0.280000E-02      0.000000E+00     -0.254720E-01
       548         CE      0.140000E-01      0.360000E-02      0.000000E+00     -0.254720E-01
       549         CE      0.140000E-01      0.440000E-02      0.000000E+00     -0.254720E-01
       550         CE      0.140000E-01      0.520000E-02      0.000000E+00     -0.254720E-01
       551         CE      0.140000E-01      0.600000E-02      0.000000E+00     -0.254720E-01
       552         CE      0.140000E-01      0.680000E-02      0.000000E+00     -0.254720E-01
       553         CE      0.140000E-01      0.760000E-02      0.000000E+00     -0.254720E-01
       554         CE      0.140000E-01      0.840000E-02      0.000000E+00     -0.254720E-01
       555         CE      0.140000E-01      0.920000E-02      0.000000E+00     -0.254720E-01
       556         CE      0.140000E-01      0.100000E-01      0.000000E+00     -0.254720E-01
       557         CE      0.140000E-01      0.108000E-01      0.000000E+00     -0.254720E-01
       558         CE      0.140000E-01      0.116000E-01      0.000000E+00     -0.254720E-01
       559         CE      0.140000E-01      0.124000E-01      0.000000E+00     -0.254720E-01
       560         CE      0.140000E-01      0.132000E-01      0.000000E+00     -0.254720E-01
       561         CE      0.140000E-01      0.140000E-01      0.000000E+00     -0.254720E-01
       562         CE      0.140000E-01      0.148000E-01      0.000000E+00     -0.254720E-01
       563         CE      0.140000E-01      0.156000E-01      0.000000E+00     -0.254720E-01
       564         CE      0.140000E-01      0.164000E-01      0.000000E+00     -0.254720E-01
       565         CE      0.140000E-01      0.172000E-01      0.000000E+00     -0.254720E-01
       566         CE      0.140000E-01      0.180000E-01      0.000000E+00     -0.254720E-01
       567         CE      0.140000E-01      0.188000E-01      0.000000E+00     -0.254720E-01
       568         CE      0.140000E-01      0.196000E-01      0.000000E+00     -0.254720E-01
       569         CE      0.140000E-01      0.204000E-01      0.000000E+00     -0.254720E-01
       570         CE      0.140000E-01      0.212000E-01      0.000000E+00     -0.254720E-01
       571         CE      0.140000E-01      0.220000E-01      0.000000E+00     -0.254720E-01
       572         CE      0.140000E-01      0.228000E-01      0.000000E+00     -0.254720E-01
       573         CE      0.140000E-01      0.236000E-01      0.000000E+00     -0.254720E-01
       574         CE      0.140000E-01      0.244000E-01      0.000000E+00     -0.254720E-01
       575         CE      0.140000E-01      0.252000E-01      0.000000E+00     -0.254720E-01
       576         CE      0.148000E-01      0.400000E-03      0.000000E+00     -0.254720E-01
       577         CE      0.148000E-01      0.120000E-02      0.000000E+00     -0.254720E-01
       578         CE      0.148000E-01      0.200000E-02      0.000000E+00     -0.254720E-01
       579         CE      0.148000E-01      0.280000E-02      0.000000E+00     -0.254720E-01
       580         CE      0.148000E-01      0.360000E-02      0.000000E+00     -0.254720E-01
       581         CE      0.148000E-01      0.440000E-02      0.000000E+00     -0.254720E-01
       582         CE      0.148000E-01      0.520000E-02      0.000000E+00     -0.254720E-01
       583         CE      0.148000E-01      0.600000E-02      0.000000E+00     -0.254720E-01
       584         CE      0.148000E-01      0.680000E-02      0.000000E+00     -0.254720E-01
       585         CE      0.148000E-01      0.760000E-02      0.000000E+00     -0.254720E-01
       586         CE      0.148000E-01      0.840000E-02      0.000000E+00     -0.254720E-01
       587         CE      0.148000E-01      0.920000E-02      0.000000E+00     -0.254720E-01
       588         CE      0.148000E-01      0.100000E-01      0.000000E+00     -0.254720E-01
       589         CE      0.148000E-01      0.108000E-01      0.000000E+00     -0.254720E-01
       590         CE      0.148000E-01      0.116000E-01      0.000000E+00     -0.254720E-01
       591         CE      0.148000E-01      0.124000E-01      0.000000E+00     -0.254720E-01
       592         CE      0.148000E-01      0.132000E-01      0.000000E+00     -0.254720E-01
       593         CE      0.148000E-01      0.140000E-01      0.000000E+00     -0.254720E-01
       594         CE      0.148000E-01      0.148000E-01      0.000000E+00     -0.254720E-01
       595         CE      0.148000E-01      0.156000E-01      0.000000E+00     -0.254720E-01
       596         CE      0.148000E-01      0.164000E-01      0.000000E+00     -0.254720E-01
       597         CE      0.148000E-01      0.172000E-01      0.000000E+00     -0.254720E-01
       598         CE      0.148000E-01      0.180000E-01      0.000000E+00     -0.254720E-01
       599         CE      0.148000E-01      0.188000E-01      0.000000E+00     -0.254720E-01
       600         CE      0.148000E-01      0.196000E-01      0.000000E+00     -0.254720E-01
       601         CE      0.148000E-01      0.204000E-01      0.000000E+00     -0.254720E-01
       602         CE      0.148000E-01      0.212000E-01      0.000000E+00     -0.254720E-01
       603         CE      0.148000E-01      0.220000E-01      0.000000E+00     -0.254720E-01
       604         CE      0.148000E-01      0.228000E-01      0.000000E+00     -0.254720E-01
       605         CE      0.148000E-01      0.236000E-01      0.000000E+00     -0.254720E-01
       606         CE      0.148000E-01      0.244000E-01      0.000000E+00     -0.254720E-01
       607         CE      0.148000E-01      0.252000E-01      0.000000E+00     -0.254720E-01
       608         CE      0.156000E-01      0.400000E-03      0.000000E+00     -0.254720E-01
       609         CE      0.156000E-01      0.120000E-02      0.000000E+00     -0.254720E-01
       610         CE      0.156000E-01      0.200000E-02      0.000000E+00     -0.254720E-01
       611         CE      0.156000E-01      0.280000E-02      0.000000E+00     -0.254720E-01
       612         CE      0.156000E-01      0.360000E-02      0.000000E+00     -0.254720E-01
       613         CE      0.156000E-01      0.440000E-02      0.000000E+00     -0.254720E-01
       614         CE      0.156000E-01      0.520000E-02      0.000000E+00     -0.254720E-01
       615         CE      0.156000E-01      0.600000E-02      0.000000E+00     -0.254720E-01
       616         CE      0.156000E-01      0.680000E-02      0.000000E+00     -0.254720E-01
       617         CE      0.156000E-01      0.760000E-02      0.000000E+00     -0.254720E-01
       618         CE      0.156000E-01      0.840000E-02      0.000000E+00     -0.254720E-01
       619         CE      0.156000E-01      0.920000E-02      0.000000E+00     -0.254720E-01
       620         CE      0.156000E-01      0.100000E-01      0.000000E+00     -0.254720E-01
       621         CE      0.156000E-01      0.108000E-01      0.000000E+00     -0.254720E-01
       622         CE      0.156000E-01      0.116000E-01      0.000000E+00     -0.254720E-01
       623         CE      0.156000E-01      0.124000E-01      0.000000E+00     -0.254720E-01
       624         CE      0.156000E-01      0.132000E-01      0.000000E+00     -0.254720E-01
       625         CE      0.156000E-01      0.140000E-01      0.000000E+00     -0.254720E-01
       626         CE      0.156000E-01      0.148000E-01      0.000000E+00     -0.254720E-01
       627         CE      0.156000E-01      0.156000E-01      0.000000E+00     -0.254720E-01
       628         CE      0.156000E-01      0.164000E-01      0.000000E+00     -0.254720E-01
       629         CE      0.156000E-01      0.172000E-01      0.000000E+00     -0.254720E-01
       630         CE      0.156000E-01      0.180000E-01      0.000000E+00     -0.254720E-01
       631         CE      0.156000E-01      0.188000E-01      0.000000E+00     -0.254720E-01
       632         CE      0.156000E-01      0.196000E-01      0.000000E+00     -0.254720E-01
       633         CE      0.156000E-01      0.204000E-01      0.000000E+00     -0.254720E-01
       634         CE      0.156000E-01      0.212000E-01      0.000000E+00     -0.254720E-01
       635         CE      0.156000E-01      0.220000E-01      0.000000E+00     -0.254720E-01
       636         CE      0.156000E-01      0.228000E-01      0.000000E+00     -0.254720E-01
       637         CE      0.156000E-01      0.236000E-01      0.000000E+00     -0.254720E-01
       638         CE      0.156000E-01      0.244000E-01      0.000000E+00     -0.254720E-01
       639         CE      0.156000E-01      0.252000E-01      0.000000E+00     -0.254720E-01
       640         CE      0.164000E-01      0.400000E-03      0.000000E+00     -0.254720E-01
       641         CE      0.164000E-01      0.120000E-02      0.000000E+00     -0.254720E-01
       642         CE      0.164000E-01      0.200000E-02      0.000000E+00     -0.254720E-01
       643         CE      0.164000E-01      0.280000E-02      0.000000E+00     -0.254720E-01
       644         CE      0.164000E-01      0.360000E-02      0.000000E+00     -0.254720E-01
       645         CE      0.164000E-01      0.440000E-02      0.000000E+00     -0.254720E-01
       646         CE      0.164000E-01      0.520000E-02      0.000000E+00     -0.254720E-01
       647         CE      0.164000E-01      0.600000E-02      0.000000E+00     -0.254720E-01
       648         CE      0.164000E-01      0.680000E-02      0.000000E+00     -0.254720E-01
       649         CE      0.164000E-01      0.760000E-02      0.000000E+00     -0.254720E-01
       650         CE      0.164000E-01      0.840000E-02      0.000000E+00     -0.254720E-01
       651         CE      0.164000E-01      0.920000E-02      0.000000E+00     -0.254720E-01
       652         CE      0.164000E-01      0.100000E-01      0.000000E+00     -0.254720E-01
       653         CE      0.164000E-01      0.108000E-01      0.000000E+00     -0.254720E-01
       654         CE      0.164000E-01      0.116000E-01      0.000000E+00     -0.254720E-01
       655         CE      0.164000E-01      0.124000E-01      0.000000E+00     -0.254720E-01
       656         CE      0.164000E-01      0.132000E-01      0.000000E+00     -0.254720E-01
       657         CE      0.164000E-01      0.140000E-01      0.000000E+00     -0.254720E-01
       658         CE      0.164000E-01      0.148000E-01      0.000000E+00     -0.254720E-01
       659         CE      0.164000E-01      0.156000E-01      0.000000E+00     -0.254720E-01
       660         CE      0.164000E-01      0.164000E-01      0.000000E+00     -0.254720E-01
       661         CE      0.164000E-01      0.172000E-01      0.000000E+00     -0.254720E-01
       662         CE      0.164000E-01      0.180000E-01      0.000000E+00     -0.254720E-01
       663         CE      0.164000E-01      0.188000E-01      0.000000E+00     -0.254720E-01
       664         CE      0.164000E-01      0.196000E-01      0.000000E+00     -0.254720E-01
       665         CE      0.164000E-01      0.204000E-01      0.000000E+00     -0.254720E-01
       666         CE      0.164000E-01      0.212000E-01      0.000000E+00     -0.254720E-01
       667         CE      0.164000E-01      0.220000E-01      0.000000E+00     -0.254720E-01
       668         CE      0.164000E-01      0.228000E-01      0.000000E+00     -0.254720E-01
       669         CE      0.164000E-01      0.236000E-01      0.000000E+00     -0.254720E-01
       670         CE      0.164000E-01      0.244000E-01      0.000000E+00     -0.254720E-01
       671         CE      0.164000E-01      0.252000E-01      0.000000E+00     -0.254720E-01
       672         CE      0.172000E-01      0.400000E-03      0.000000E+00     -0.254720E-01
       673         CE      0.172000E-01      0.120000E-02      0.000000E+00     -0.254720E-01
       674         CE      0.172000E-01      0.200000E-02      0.000000E+00     -0.254720E-01
       675         CE      0.172000E-01      0.280000E-02      0.000000E+00     -0.254720E-01
       676         CE      0.172000E-01      0.360000E-02      0.000000E+00     -0.254720E-01
       677         CE      0.172000E-01      0.440000E-02      0.000000E+00     -0.254720E-01
       678         CE      0.172000E-01      0.520000E-02      0.000000E+00     -0.254720E-01
       679         CE      0.172000E-01      0.600000E-02      0.000000E+00     -0.254720E-01
       680         CE      0.172000E-01      0.680000E-02      0.000000E+00     -0.254720E-01
       681         CE      0.172000E-01      0.760000E-02      0.000000E+00     -0.254720E-01
       682         CE      0.172000E-01      0.840000E-02      0.000000E+00     -0.254720E-01
       683         CE      0.172000E-01      0.920000E-02      0.000000E+00     -0.254720E-01
       684         CE      0.172000E-01      0.100000E-01      0.000000E+00     -0.254720E-01
       685         CE      0.172000E-01      0.108000E-01      0.000000E+00     -0.254720E-01
       686         CE      0.172000E-01      0.116000E-01      0.000000E+00     -0.254720E-01
       687         CE      0.172000E-01      0.124000E-01      0.000000E+00     -0.254720E-01
       688         CE      0.172000E-01      0.132000E-01      0.000000E+00     -0.254720E-01
       689         CE      0.172000E-01      0.140000E-01      0.000000E+00     -0.254720E-01
       690         CE      0.172000E-01      0.148000E-01      0.000000E+00     -0.254720E-01
       691         CE      0.172000E-01      0.156000E-01      0.000000E+00     -0.254720E-01
       692         CE      0.172000E-01      0.164000E-01      0.000000E+00     -0.254720E-01
       693         CE      0.172000E-01      0.172000E-01      0.000000E+00     -0.254720E-01
       694         CE      0.172000E-01      0.180000E-01      0.000000E+00     -0.254720E-01
       695         CE      0.172000E-01      0.188000E-01      0.000000E+00     -0.254720E-01
       696         CE      0.172000E-01      0.196000E-01      0.000000E+00     -0.254720E-01
       697         CE      0.172000E-01      0.204000E-01      0.000000E+00     -0.254720E-01
       698         CE      0.172000E-01      0.212000E-01      0.000000E+00     -0.254720E-01
       699         CE      0.172000E-01      0.220000E-01      0.000000E+00     -0.254720E-01
       700         CE      0.172000E-01      0.228000E-01      0.000000E+00     -0.254720E-01
       701         CE      0.172000E-01      0.236000E-01      0.000000E+00     -0.254720E-01
       702         CE      0.172000E-01      0.244000E-01      0.000000E+00     -0.254720E-01
       703         CE      0.172000E-01      0.252000E-01      0.000000E+00     -0.254720E-01
       704         CE      0.180000E-01      0.400000E-03      0.000000E+00     -0.254720E-01
       705         CE      0.180000E-01      0.120000E-02      0.000000E+00     -0.254720E-01
       706         CE      0.180000E-01      0.200000E-02      0.000000E+00     -0.254720E-01
       707         CE      0.180000E-01      0.280000E-02      0.000000E+00     -0.254720E-01
       708         CE      0.180000E-01      0.360000E-02      0.000000E+00     -0.254720E-01
       709         CE      0.180000E-01      0.440000E-02      0.000000E+00     -0.254720E-01
       710         CE      0.180000E-01      0.520000E-02      0.000000E+00     -0.254720E-01
       711         CE      0.180000E-01      0.600000E-02      0.000000E+00     -0.254720E-01
       712         CE      0.180000E-01      0.680000E-02      0.000000E+00     -0.254720E-01
       713         CE      0.180000E-01      0.760000E-02      0.000000E+00     -0.254720E-01
       714         CE      0.180000E-01      0.840000E-02      0.000000E+00     -0.254720E-01
       715         CE      0.180000E-01      0.920000E-02      0.000000E+00     -0.254720E-01
       716         CE      0.180000E-01      0.100000E-01      0.000000E+00     -0.254720E-01
       717         CE      0.180000E-01      0.108000E-01      0.000000E+00     -0.254720E-01
       718         CE      0.180000E-01      0.116000E-01      0.000000E+00     -0.254720E-01
       719         CE      0.180000E-01      0.124000E-01      0.000000E+00     -0.254720E-01
       720         CE      0.180000E-01      0.132000E-01      0.000000E+00     -0.254720E-01
       721         CE      0.180000E-01      0.140000E-01      0.000000E+00     -0.254720E-01
       722         CE      0.180000E-01      0.148000E-01      0.000000E+00     -0.254720E-01
       723         CE      0.180000E-01      0.156000E-01      0.000000E+00     -0.254720E-01
       724         CE      0.180000E-01      0.164000E-01      0.000000E+00     -0.254720E-01
       725         CE      0.180000E-01      0.172000E-01      0.000000E+00     -0.254720E-01
       726         CE      0.180000E-01      0.180000E-01      0.000000E+00     -0.254720E-01
       727         CE      0.180000E-01      0.188000E-01      0.000000E+00     -0.254720E-01
       728         CE      0.180000E-01      0.196000E-01      0.000000E+00     -0.254720E-01
       729         CE      0.180000E-01      0.204000E-01      0.000000E+00     -0.254720E-01
       730         CE      0.180000E-01      0.212000E-01      0.000000E+00     -0.254720E-01
       731         CE      0.180000E-01      0.220000E-01      0.000000E+00     -0.254720E-01
       732         CE      0.180000E-01      0.228000E-01      0.000000E+00     -0.254720E-01
       733         CE      0.180000E-01      0.236000E-01      0.000000E+00     -0.254720E-01
       734         CE      0.180000E-01      0.244000E-01      0.000000E+00     -0.254720E-01
       735         CE      0.180000E-01      0.252000E-01      0.000000E+00     -0.254720E-01
       736         CE      0.188000E-01      0.400000E-03      0.000000E+00     -0.254720E-01
       737         CE      0.188000E-01      0.120000E-02      0.000000E+00     -0.254720E-01
       738         CE      0.188000E-01      0.200000E-02      0.000000E+00     -0.254720E-01
       739         CE      0.188000E-01      0.280000E-02      0.000000E+00     -0.254720E-01
       740         CE      0.188000E-01      0.360000E-02      0.000000E+00     -0.254720E-01
       741         CE      0.188000E-01      0.440000E-02      0.000000E+00     -0.254720E-01
       742         CE      0.188000E-01      0.520000E-02      0.000000E+00     -0.254720E-01
       743         CE      0.188000E-01      0.600000E-02      0.000000E+00     -0.254720E-01
       744         CE      0.188000E-01      0.680000E-02      0.000000E+00     -0.254720E-01
       745         CE      0.188000E-01      0.760000E-02      0.000000E+00     -0.254720E-01
       746         CE      0.188000E-01      0.840000E-02      0.000000E+00     -0.254720E-01
       747         CE      0.188000E-01      0.920000E-02      0.000000E+00     -0.254720E-01
       748         CE      0.188000E-01      0.100000E-01      0.000000E+00     -0.254720E-01
       749         CE      0.188000E-01      0.108000E-01      0.000000E+00     -0.254720E-01
       750         CE      0.188000E-01      0.116000E-01      0.000000E+00     -0.254720E-01
       751         CE      0.188000E-01      0.124000E-01      0.000000E+00     -0.254720E-01
       752         CE      0.188000E-01      0.132000E-01      0.000000E+00     -0.254720E-01
       753         CE      0.188000E-01      0.140000E-01      0.000000E+00     -0.254720E-01
       754         CE      0.188000E-01      0.148000E-01      0.000000E+00     -0.254720E-01
       755         CE      0.188000E-01      0.156000E-01      0.000000E+00     -0.254720E-01
       756         CE      0.188000E-01      0.164000E-01      0.000000E+00     -0.254720E-01
       757         CE      0.188000E-01      0.172000E-01      0.000000E+00     -0.254720E-01
       758         CE      0.188000E-01      0.180000E-01      0.000000E+00     -0.254720E-01
       759         CE      0.188000E-01      0.188000E-01      0.000000E+00     -0.254720E-01
       760         CE      0.188000E-01      0.196000E-01      0.000000E+00     -0.254720E-01
       761         CE      0.188000E-01      0.204000E-01      0.000000E+00     -0.254720E-01
       762         CE      0.188000E-01      0.212000E-01      0.000000E+00     -0.254720E-01
       763         CE      0.188000E-01      0.220000E-01      0.000000E+00     -0.254720E-01
       764         CE      0.188000E-01      0.228000E-01      0.000000E+00     -0.254720E-01
       765         CE      0.188000E-01      0.236000E-01      0.000000E+00     -0.254720E-01
       766         CE      0.188000E-01      0.244000E-01      0.000000E+00     -0.254720E-01
       767         CE      0.188000E-01      0.252000E-01      0.000000E+00     -0.254720E-01
       768         CE      0.196000E-01      0.400000E-03      0.000000E+00     -0.254720E-01
       769         CE      0.196000E-01      0.120000E-02      0.000000E+00     -0.254720E-01
       770         CE      0.196000E-01      0.200000E-02      0.000000E+00     -0.254720E-01
       771         CE      0.196000E-01      0.280000E-02      0.000000E+00     -0.254720E-01
       772         CE      0.196000E-01      0.360000E-02      0.000000E+00     -0.254720E-01
       773         CE      0.196000E-01      0.440000E-02      0.000000E+00     -0.254720E-01
       774         CE      0.196000E-01      0.520000E-02      0.000000E+00     -0.254720E-01
       775         CE      0.196000E-01      0.600000E-02      0.000000E+00     -0.254720E-01
       776         CE      0.196000E-01      0.680000E-02      0.000000E+00     -0.254720E-01
       777         CE      0.196000E-01      0.760000E-02      0.000000E+00     -0.254720E-01
       778         CE      0.196000E-01      0.840000E-02      0.000000E+00     -0.254720E-01
       779         CE      0.196000E-01      0.920000E-02      0.000000E+00     -0.254720E-01
       780         CE      0.196000E-01      0.100000E-01      0.000000E+00     -0.254720E-01
       781         CE      0.196000E-01      0.108000E-01      0.000000E+00     -0.254720E-01
       782         CE      0.196000E-01      0.116000E-01      0.000000E+00     -0.254720E-01
       783         CE      0.196000E-01      0.124000E-01      0.000000E+00     -0.254720E-01
       784         CE      0.196000E-01      0.132000E-01      0.000000E+00     -0.254720E-01
       785         CE      0.196000E-01      0.140000E-01      0.000000E+00     -0.254720E-01
       786         CE      0.196000E-01      0.148000E-01      0.000000E+00     -0.254720E-01
       787         CE      0.196000E-01      0.156000E-01      0.000000E+00     -0.254720E-01
       788         CE      0.196000E-01      0.164000E-01      0.000000E+00     -0.254720E-01
       789         CE      0.196000E-01      0.172000E-01      0.000000E+00     -0.254720E-01
       790         CE      0.196000E-01      0.180000E-01      0.000000E+00     -0.254720E-01
       791         CE      0.196000E-01      0.188000E-01      0.000000E+00     -0.254720E-01
       792         CE      0.196000E-01      0.196000E-01      0.000000E+00     -0.254720E-01
       793         CE      0.196000E-01      0.204000E-01      0.000000E+00     -0.254720E-01
       794         CE      0.196000E-01      0.212000E-01      0.000000E+00     -0.254720E-01
       795         CE      0.196000E-01      0.220000E-01      0.000000E+00     -0.254720E-01
       796         CE      0.196000E-01      0.228000E-01      0.000000E+00     -0.254720E-01
       797         CE      0.196000E-01      0.236000E-01      0.000000E+00     -0.254720E-01
       798         CE      0.196000E-01      0.244000E-01      0.000000E+00     -0.254720E-01
       799         CE      0.196000E-01      0.252000E-01      0.000000E+00     -0.254720E-01
       800         CE      0.204000E-01      0.400000E-03      0.000000E+00     -0.254720E-01
       801         CE      0.204000E-01      0.120000E-02      0.000000E+00     -0.254720E-01
       802         CE      0.204000E-01      0.200000E-02      0.000000E+00     -0.254720E-01
       803         CE      0.204000E-01      0.280000E-02      0.000000E+00     -0.254720E-01
       804         CE      0.204000E-01      0.360000E-02      0.000000E+00     -0.254720E-01
       805         CE      0.204000E-01      0.440000E-02      0.000000E+00     -0.254720E-01
       806         CE      0.204000E-01      0.520000E-02      0.000000E+00     -0.254720E-01
       807         CE      0.204000E-01      0.600000E-02      0.000000E+00     -0.254720E-01
       808         CE      0.204000E-01      0.680000E-02      0.000000E+00     -0.254720E-01
       809         CE      0.204000E-01      0.760000E-02      0.000000E+00     -0.254720E-01
       810         CE      0.204000E-01      0.840000E-02      0.000000E+00     -0.254720E-01
       811         CE      0.204000E-01      0.920000E-02      0.000000E+00     -0.254720E-01
       812         CE      0.204000E-01      0.100000E-01      0.000000E+00     -0.254720E-01
       813         CE      0.204000E-01      0.108000E-01      0.000000E+00     -0.254720E-01
       814         CE      0.204000E-01      0.116000E-01      0.000000E+00     -0.254720E-01
       815         CE      0.204000E-01      0.124000E-01      0.000000E+00     -0.254720E-01
       816         CE      0.204000E-01      0.132000E-01      0.000000E+00     -0.254720E-01
       817         CE      0.204000E-01      0.140000E-01      0.000000E+00     -0.254720E-01
       818         CE      0.204000E-01      0.148000E-01      0.000000E+00     -0.254720E-01
       819         CE      0.204000E-01      0.156000E-01      0.000000E+00     -0.254720E-01
       820         CE      0.204000E-01      0.164000E-01      0.000000E+00     -0.254720E-01
       821         CE      0.204000E-01      0.172000E-01      0.000000E+00     -0.254720E-01
       822         CE      0.204000E-01      0.180000E-01      0.000000E+00     -0.254720E-01
       823         CE      0.204000E-01      0.188000E-01      0.000000E+00     -0.254720E-01
       824         CE      0.204000E-01      0.196000E-01      0.000000E+00     -0.254720E-01
       825         CE      0.204000E-01      0.204000E-01      0.000000E+00     -0.254720E-01
       826         CE      0.204000E-01      0.212000E-01      0.000000E+00     -0.254720E-01
       827         CE      0.204000E-01      0.220000E-01      0.000000E+00     -0.254720E-01
       828         CE      0.204000E-01      0.228000E-01      0.000000E+00     -0.254720E-01
       829         CE      0.204000E-01      0.236000E-01      0.000000E+00     -0.254720E-01
       830         CE      0.204000E-01      0.244000E-01      0.000000E+00     -0.254720E-01
       831         CE      0.204000E-01      0.252000E-01      0.000000E+00     -0.254720E-01
       832         CE      0.212000E-01      0.400000E-03      0.000000E+00     -0.254720E-01
       833         CE      0.212000E-01      0.120000E-02      0.000000E+00     -0.254720E-01
       834         CE      0.212000E-01      0.200000E-02      0.000000E+00     -0.254720E-01
       835         CE      0.212000E-01      0.280000E-02      0.000000E+00     -0.254720E-01
       836         CE      0.212000E-01      0.360000E-02      0.000000E+00     -0.254720E-01
       837         CE      0.212000E-01      0.440000E-02      0.000000E+00     -0.254720E-01
       838         CE      0.212000E-01      0.520000E-02      0.000000E+00     -0.254720E-01
       839         CE      0.212000E-01      0.600000E-02      0.000000E+00     -0.254720E-01
       840         CE      0.212000E-01      0.680000E-02      0.000000E+00     -0.254720E-01
       841         CE      0.212000E-01      0.760000E-02      0.000000E+00     -0.254720E-01
       842         CE      0.212000E-01      0.840000E-02      0.000000E+00     -0.254720E-01
       843         CE      0.212000E-01      0.920000E-02      0.000000E+00     -0.254720E-01
       844         CE      0.212000E-01      0.100000E-01      0.000000E+00     -0.254720E-01
       845         CE      0.212000E-01      0.108000E-01      0.000000E+00     -0.254720E-01
       846         CE      0.212000E-01      0.116000E-01      0.000000E+00     -0.254720E-01
       847         CE      0.212000E-01      0.124000E-01      0.000000E+00     -0.254720E-01
       848         CE      0.212000E-01      0.132000E-01      0.000000E+00     -0.254720E-01
       849         CE      0.212000E-01      0.140000E-01      0.000000E+00     -0.254720E-01
       850         CE      0.212000E-01      0.148000E-01      0.000000E+00     -0.254720E-01
       851         CE      0.212000E-01      0.156000E-01      0.000000E+00     -0.254720E-01
       852         CE      0.212000E-01      0.164000E-01      0.000000E+00     -0.254720E-01
       853         CE      0.212000E-01      0.172000E-01      0.000000E+00     -0.254720E-01
       854         CE      0.212000E-01      0.180000E-01      0.000000E+00     -0.254720E-01
       855         CE      0.212000E-01      0.188000E-01      0.000000E+00     -0.254720E-01
       856         CE      0.212000E-01      0.196000E-01      0.000000E+00     -0.254720E-01
       857         CE      0.212000E-01      0.204000E-01      0.000000E+00     -0.254720E-01
       858         CE      0.212000E-01      0.212000E-01      0.000000E+00     -0.254720E-01
       859         CE      0.212000E-01      0.220000E-01      0.000000E+00     -0.254720E-01
       860         CE      0.212000E-01      0.228000E-01      0.000000E+00     -0.254720E-01
       861         CE      0.212000E-01      0.236000E-01      0.000000E+00     -0.254720E-01
       862         CE      0.212000E-01      0.244000E-01      0.000000E+00     -0.254720E-01
       863         CE      0.212000E-01      0.252000E-01      0.000000E+00     -0.254720E-01
       864         CE      0.220000E-01      0.400000E-03      0.000000E+00     -0.254720E-01
       865         CE      0.220000E-01      0.120000E-02      0.000000E+00     -0.254720E-01
       866         CE      0.220000E-01      0.200000E-02      0.000000E+00     -0.254720E-01
       867         CE      0.220000E-01      0.280000E-02      0.000000E+00     -0.254720E-01
       868         CE      0.220000E-01      0.360000E-02      0.000000E+00     -0.254720E-01
       869         CE      0.220000E-01      0.440000E-02      0.000000E+00     -0.254720E-01
       870         CE      0.220000E-01      0.520000E-02      0.000000E+00     -0.254720E-01
       871         CE      0.220000E-01      0.600000E-02      0.000000E+00     -0.254720E-01
       872         CE      0.220000E-01      0.680000E-02      0.000000E+00     -0.254720E-01
       873         CE      0.220000E-01      0.760000E-02      0.000000E+00     -0.254720E-01
       874         CE      0.220000E-01      0.840000E-02      0.000000E+00     -0.254720E-01
       875         CE      0.220000E-01      0.920000E-02      0.000000E+00     -0.254720E-01
       876         CE      0.220000E-01      0.100000E-01      0.000000E+00     -0.254720E-01
       877         CE      0.220000E-01      0.108000E-01      0.000000E+00     -0.254720E-01
       878         CE      0.220000E-01      0.116000E-01      0.000000E+00     -0.254720E-01
       879         CE      0.220000E-01      0.124000E-01      0.000000E+00     -0.254720E-01
       880         CE      0.220000E-01      0.132000E-01      0.000000E+00     -0.254720E-01
       881         CE      0.220000E-01      0.140000E-01      0.000000E+00     -0.254720E-01
       882         CE      0.220000E-01      0.148000E-01      0.000000E+00     -0.254720E-01
       883         CE      0.220000E-01      0.156000E-01      0.000000E+00     -0.254720E-01
       884         CE      0.220000E-01      0.164000E-01      0.000000E+00     -0.254720E-01
       885         CE      0.220000E-01      0.172000E-01      0.000000E+00     -0.254720E-01
       886         CE      0.220000E-01      0.180000E-01      0.000000E+00     -0.254720E-01
       887         CE      0.220000E-01      0.188000E-01      0.000000E+00     -0.254720E-01
       888         CE      0.220000E-01      0.196000E-01      0.000000E+00     -0.254720E-01
       889         CE      0.220000E-01      0.204000E-01      0.000000E+00     -0.254720E-01
       890         CE      0.220000E-01      0.212000E-01      0.000000E+00     -0.254720E-01
       891         CE      0.220000E-01      0.220000E-01      0.000000E+00     -0.254720E-01
       892         CE      0.220000E-01      0.228000E-01      0.000000E+00     -0.254720E-01
       893         CE      0.220000E-01      0.236000E-01      0.000000E+00     -0.254720E-01
       894         CE      0.220000E-01      0.244000E-01      0.000000E+00     -0.254720E-01
       895         CE      0.220000E-01      0.252000E-01      0.000000E+00     -0.254720E-01
       896         CE      0.228000E-01      0.400000E-03      0.000000E+00     -0.254720E-01
       897         CE      0.228000E-01      0.120000E-02      0.000000E+00     -0.254720E-01
       898         CE      0.228000E-01      0.200000E-02      0.000000E+00     -0.254720E-01
       899         CE      0.228000E-01      0.280000E-02      0.000000E+00     -0.254720E-01
       900         CE      0.228000E-01      0.360000E-02      0.000000E+00     -0.254720E-01
       901         CE      0.228000E-01      0.440000E-02      0.000000E+00     -0.254720E-01
       902         CE      0.228000E-01      0.520000E-02      0.000000E+00     -0.254720E-01
       903         CE      0.228000E-01      0.600000E-02      0.000000E+00     -0.254720E-01
       904         CE      0.228000E-01      0.680000E-02      0.000000E+00     -0.254720E-01
       905         CE      0.228000E-01      0.760000E-02      0.000000E+00     -0.254720E-01
       906         CE      0.228000E-01      0.840000E-02      0.000000E+00     -0.254720E-01
       907         CE      0.228000E-01      0.920000E-02      0.000000E+00     -0.254720E-01
       908         CE      0.228000E-01      0.100000E-01      0.000000E+00     -0.254720E-01
       909         CE      0.228000E-01      0.108000E-01      0.000000E+00     -0.254720E-01
       910         CE      0.228000E-01      0.116000E-01      0.000000E+00     -0.254720E-01
       911         CE      0.228000E-01      0.124000E-01      0.000000E+00     -0.254720E-01
       912         CE      0.228000E-01      0.132000E-01      0.000000E+00     -0.254720E-01
       913         CE      0.228000E-01      0.140000E-01      0.000000E+00     -0.254720E-01
       914         CE      0.228000E-01      0.148000E-01      0.000000E+00     -0.254720E-01
       915         CE      0.228000E-01      0.156000E-01      0.000000E+00     -0.254720E-01
       916         CE      0.228000E-01      0.164000E-01      0.000000E+00     -0.254720E-01
       917         CE      0.228000E-01      0.172000E-01      0.000000E+00     -0.254720E-01
       918         CE      0.228000E-01      0.180000E-01      0.000000E+00     -0.254720E-01
       919         CE      0.228000E-01      0.188000E-01      0.000000E+00     -0.254720E-01
       920         CE      0.228000E-01      0.196000E-01      0.000000E+00     -0.254720E-01
       921         CE      0.228000E-01      0.204000E-01      0.000000E+00     -0.254720E-01
       922         CE      0.228000E-01      0.212000E-01      0.000000E+00     -0.254720E-01
       923         CE      0.228000E-01      0.220000E-01      0.000000E+00     -0.254720E-01
       924         CE      0.228000E-01      0.228000E-01      0.000000E+00     -0.254720E-01
       925         CE      0.228000E-01      0.236000E-01      0.000000E+00     -0.254720E-01
       926         CE      0.228000E-01      0.244000E-01      0.000000E+00     -0.254720E-01
       927         CE      0.228000E-01      0.252000E-01      0.000000E+00     -0.254720E-01
       928         CE      0.236000E-01      0.400000E-03      0.000000E+00     -0.254720E-01
       929         CE      0.236000E-01      0.120000E-02      0.000000E+00     -0.254720E-01
       930         CE      0.236000E-01      0.200000E-02      0.000000E+00     -0.254720E-01
       931         CE      0.236000E-01      0.280000E-02      0.000000E+00     -0.254720E-01
       932         CE      0.236000E-01      0.360000E-02      0.000000E+00     -0.254720E-01
       933         CE      0.236000E-01      0.440000E-02      0.000000E+00     -0.254720E-01
       934         CE      0.236000E-01      0.520000E-02      0.000000E+00     -0.254720E-01
       935         CE      0.236000E-01      0.600000E-02      0.000000E+00     -0.254720E-01
       936         CE      0.236000E-01      0.680000E-02      0.000000E+00     -0.254720E-01
       937         CE      0.236000E-01      0.760000E-02      0.000000E+00     -0.254720E-01
       938         CE      0.236000E-01      0.840000E-02      0.000000E+00     -0.254720E-01
       939         CE      0.236000E-01      0.920000E-02      0.000000E+00     -0.254720E-01
       940         CE      0.236000E-01      0.100000E-01      0.000000E+00     -0.254720E-01
       941         CE      0.236000E-01      0.108000E-01      0.000000E+00     -0.254720E-01
       942         CE      0.236000E-01      0.116000E-01      0.000000E+00     -0.254720E-01
       943         CE      0.236000E-01      0.124000E-01      0.000000E+00     -0.254720E-01
       944         CE      0.236000E-01      0.132000E-01      0.000000E+00     -0.254720E-01
       945         CE      0.236000E-01      0.140000E-01      0.000000E+00     -0.254720E-01
       946         CE      0.236000E-01      0.148000E-01      0.000000E+00     -0.254720E-01
       947         CE      0.236000E-01      0.156000E-01      0.000000E+00     -0.254720E-01
       948         CE      0.236000E-01      0.164000E-01      0.000000E+00     -0.254720E-01
       949         CE      0.236000E-01      0.172000E-01      0.000000E+00     -0.254720E-01
       950         CE      0.236000E-01      0.180000E-01      0.000000E+00     -0.254720E-01
       951         CE      0.236000E-01      0.188000E-01      0.000000E+00     -0.254720E-01
       952         CE      0.236000E-01      0.196000E-01      0.000000E+00     -0.254720E-01
       953         CE      0.236000E-01      0.204000E-01      0.000000E+00     -0.254720E-01
       954         CE      0.236000E-01      0.212000E-01      0.000000E+00     -0.254720E-01
       955         CE      0.236000E-01      0.220000E-01      0.000000E+00     -0.254720E-01
       956         CE      0.236000E-01      0.228000E-01      0.000000E+00     -0.254720E-01
       957         CE      0.236000E-01      0.236000E-01      0.000000E+00     -0.254720E-01
       958         CE      0.236000E-01      0.244000E-01      0.000000E+00     -0.254720E-01
       959         CE      0.236000E-01      0.252000E-01      0.000000E+00     -0.254720E-01
       960         CE      0.244000E-01      0.400000E-03      0.000000E+00     -0.254720E-01
       961         CE      0.244000E-01      0.120000E-02      0.000000E+00     -0.254720E-01
       962         CE      0.244000E-01      0.200000E-02      0.000000E+00     -0.254720E-01
       963         CE      0.244000E-01      0.280000E-02      0.000000E+00     -0.254720E-01
       964         CE      0.244000E-01      0.360000E-02      0.000000E+00     -0.254720E-01
       965         CE      0.244000E-01      0.440000E-02      0.000000E+00     -0.254720E-01
       966         CE      0.244000E-01      0.520000E-02      0.000000E+00     -0.254720E-01
       967         CE      0.244000E-01      0.600000E-02      0.000000E+00     -0.254720E-01
       968         CE      0.244000E-01      0.680000E-02      0.000000E+00     -0.254720E-01
       969         CE      0.244000E-01      0.760000E-02      0.000000E+00     -0.254720E-01
       970         CE      0.244000E-01      0.840000E-02      0.000000E+00     -0.254720E-01
       971         CE      0.244000E-01      0.920000E-02      0.000000E+00     -0.254720E-01
       972         CE      0.244000E-01      0.100000E-01      0.000000E+00     -0.254720E-01
       973         CE      0.244000E-01      0.108000E-01      0.000000E+00     -0.254720E-01
       974         CE      0.244000E-01      0.116000E-01      0.000000E+00     -0.254720E-01
       975         CE      0.244000E-01      0.124000E-01      0.000000E+00     -0.254720E-01
       976         CE      0.244000E-01      0.132000E-01      0.000000E+00     -0.254720E-01
       977         CE      0.244000E-01      0.140000E-01      0.000000E+00     -0.254720E-01
       978         CE      0.244000E-01      0.148000E-01      0.000000E+00     -0.254720E-01
       979         CE      0.244000E-01      0.156000E-01      0.000000E+00     -0.254720E-01
       980         CE      0.244000E-01      0.164000E-01      0.000000E+00     -0.254720E-01
       981         CE      0.244000E-01      0.172000E-01      0.000000E+00     -0.254720E-01
       982         CE      0.244000E-01      0.180000E-01      0.000000E+00     -0.254720E-01
       983         CE      0.244000E-01      0.188000E-01      0.000000E+00     -0.254720E-01
       984         CE      0.244000E-01      0.196000E-01      0.000000E+00     -0.254720E-01
       985         CE      0.244000E-01      0.204000E-01      0.000000E+00     -0.254720E-01
       986         CE      0.244000E-01      0.212000E-01      0.000000E+00     -0.254720E-01
       987         CE      0.244000E-01      0.220000E-01      0.000000E+00     -0.254720E-01
       988         CE      0.244000E-01      0.228000E-01      0.000000E+00     -0.254720E-01
       989         CE      0.244000E-01      0.236000E-01      0.000000E+00     -0.254720E-01
       990         CE      0.244000E-01      0.244000E-01      0.000000E+00     -0.254720E-01
       991         CE      0.244000E-01      0.252000E-01      0.000000E+00     -0.254720E-01
       992         CE      0.252000E-01      0.400000E-03      0.000000E+00     -0.254720E-01
       993         CE      0.252000E-01      0.120000E-02      0.000000E+00     -0.254720E-01
       994         CE      0.252000E-01      0.200000E-02      0.000000E+00     -0.254720E-01
       995         CE      0.252000E-01      0.280000E-02      0.000000E+00     -0.254720E-01
       996         CE      0.252000E-01      0.360000E-02      0.000000E+00     -0.254720E-01
       997         CE      0.252000E-01      0.440000E-02      0.000000E+00     -0.254720E-01
       998         CE      0.252000E-01      0.520000E-02      0.000000E+00     -0.254720E-01
       999         CE      0.252000E-01      0.600000E-02      0.000000E+00     -0.254720E-01
      1000         CE      0.252000E-01      0.680000E-02      0.000000E+00     -0.254720E-01
      1001         CE      0.252000E-01      0.760000E-02      0.000000E+00     -0.254720E-01
      1002         CE      0.252000E-01      0.840000E-02      0.000000E+00     -0.254720E-01
      1003         CE      0.252000E-01      0.920000E-02      0.000000E+00     -0.254720E-01
      1004         CE      0.252000E-01      0.100000E-01      0.000000E+00     -0.254720E-01
      1005         CE      0.252000E-01      0.108000E-01      0.000000E+00     -0.254720E-01
      1006         CE      0.252000E-01      0.116000E-01      0.000000E+00     -0.254720E-01
      1007         CE      0.252000E-01      0.124000E-01      0.000000E+00     -0.254720E-01
      1008         CE      0.252000E-01      0.132000E-01      0.000000E+00     -0.254720E-01
      1009         CE      0.252000E-01      0.140000E-01      0.000000E+00     -0.254720E-01
      1010         CE      0.252000E-01      0.148000E-01      0.000000E+00     -0.254720E-01
      1011         CE      0.252000E-01      0.156000E-01      0.000000E+00     -0.254720E-01
      1012         CE      0.252000E-01      0.164000E-01      0.000000E+00     -0.254720E-01
      1013         CE      0.252000E-01      0.172000E-01      0.000000E+00     -0.254720E-01
      1014         CE      0.252000E-01      0.180000E-01      0.000000E+00     -0.254720E-01
      1015         CE      0.252000E-01      0.188000E-01      0.000000E+00     -0.254720E-01
      1016         CE      0.252000E-01      0.196000E-01      0.000000E+00     -0.254720E-01
      1017         CE      0.252000E-01      0.204000E-01      0.000000E+00     -0.254720E-01
      1018         CE      0.252000E-01      0.212000E-01      0.000000E+00     -0.254720E-01
      1019         CE      0.252000E-01      0.220000E-01      0.000000E+00     -0.254720E-01
      1020         CE      0.252000E-01      0.228000E-01      0.000000E+00     -0.254720E-01
      1021         CE      0.252000E-01      0.236000E-01      0.000000E+00     -0.254720E-01
      1022         CE      0.252000E-01      0.244000E-01      0.000000E+00     -0.254720E-01
      1023         CE      0.252000E-01      0.252000E-01      0.000000E+00     -0.254720E-01
