 -1.200000000000000E-003    6.725224466208601E-007
 -1.100000000000000E-003    6.509672857646365E-006
 -9.999999999999998E-004    5.172318560653366E-005
 -8.999999999999999E-004    3.373533836565912E-004
 -7.999999999999999E-004    1.806169748306274E-003
 -6.999999999999999E-004    7.937902584671974E-003
 -5.999999999999998E-004    2.863694541156292E-002
 -4.999999999999999E-004    8.480497449636459E-002
 -3.999999999999999E-004    0.206152990460396     
 -2.999999999999998E-004    0.411369115114212     
 -1.999999999999999E-004    0.673825442790985     
 -9.999999999999983E-005    0.906018078327179     
  2.168404344971009E-019     1.00000000000000     
  1.000000000000003E-004    0.906018078327179     
  2.000000000000001E-004    0.673825442790985     
  3.000000000000001E-004    0.411369115114212     
  4.000000000000002E-004    0.206152990460396     
  5.000000000000002E-004    8.480497449636459E-002
  6.000000000000003E-004    2.863694541156292E-002
  7.000000000000001E-004    7.937902584671974E-003
  8.000000000000001E-004    1.806169748306274E-003
  9.000000000000004E-004    3.373533836565912E-004
  1.000000000000000E-003    5.172318560653366E-005
  1.100000000000000E-003    6.509672857646365E-006
  1.200000000000000E-003    6.725224466208601E-007
  1.300000000000000E-003    5.703324745809368E-008
  1.400000000000000E-003    3.970298312339082E-009
  1.500000000000000E-003    2.268777249403442E-010
  1.600000000000000E-003    1.064227005131979E-011
  1.700000000000000E-003    4.097796863118675E-013
  1.800000000000000E-003    1.295210276920991E-014
  1.900000000000000E-003    3.360499456695398E-016
  2.000000000000000E-003    7.157166188044659E-018
  2.100000000000000E-003    1.251272881434697E-019
  2.200000000000001E-003    1.795712174624590E-021
  2.300000000000000E-003    2.115412558884286E-023
  2.400000000000000E-003    2.045630342290791E-025
  2.500000000000000E-003    1.623801417698438E-027
  2.600000000000000E-003    1.058065211129945E-029
  2.700000000000000E-003    5.659337618418047E-032
  2.800000000000000E-003    2.484806106104971E-034
  2.900000000000001E-003    8.955567996586908E-037
  3.000000000000001E-003    0.000000000000000E+000
  3.100000000000000E-003    0.000000000000000E+000
  3.200000000000001E-003    0.000000000000000E+000
  3.300000000000001E-003    0.000000000000000E+000
  3.400000000000000E-003    0.000000000000000E+000
  3.500000000000001E-003    0.000000000000000E+000
  3.600000000000001E-003    0.000000000000000E+000
  3.700000000000000E-003    0.000000000000000E+000
  3.800000000000000E-003    0.000000000000000E+000
  3.900000000000001E-003    0.000000000000000E+000
  4.000000000000001E-003    0.000000000000000E+000
  4.100000000000000E-003    0.000000000000000E+000
  4.200000000000001E-003    0.000000000000000E+000
  4.300000000000001E-003    0.000000000000000E+000
  4.400000000000000E-003    0.000000000000000E+000
  4.500000000000001E-003    0.000000000000000E+000
  4.600000000000001E-003    0.000000000000000E+000
  4.700000000000000E-003    0.000000000000000E+000
  4.800000000000000E-003    0.000000000000000E+000
  4.900000000000001E-003    0.000000000000000E+000
  5.000000000000001E-003    0.000000000000000E+000
  5.100000000000000E-003    0.000000000000000E+000
  5.200000000000001E-003    0.000000000000000E+000
  5.300000000000001E-003    0.000000000000000E+000
  5.400000000000000E-003    0.000000000000000E+000
  5.500000000000001E-003    0.000000000000000E+000
  5.600000000000001E-003    0.000000000000000E+000
  5.700000000000001E-003    0.000000000000000E+000
  5.800000000000000E-003    0.000000000000000E+000
  5.900000000000001E-003    0.000000000000000E+000
  6.000000000000001E-003    0.000000000000000E+000
  6.100000000000000E-003    0.000000000000000E+000
  6.200000000000001E-003    0.000000000000000E+000
  6.300000000000001E-003    0.000000000000000E+000
  6.400000000000000E-003    0.000000000000000E+000
  6.500000000000001E-003    0.000000000000000E+000
  6.600000000000001E-003    0.000000000000000E+000
  6.700000000000001E-003    0.000000000000000E+000
  6.800000000000000E-003    0.000000000000000E+000
  6.900000000000000E-003    0.000000000000000E+000
  7.000000000000001E-003    0.000000000000000E+000
  7.100000000000000E-003    0.000000000000000E+000
  7.200000000000002E-003    0.000000000000000E+000
  7.300000000000001E-003    0.000000000000000E+000
  7.400000000000000E-003    0.000000000000000E+000
  7.500000000000001E-003    0.000000000000000E+000
  7.600000000000001E-003    0.000000000000000E+000
  7.700000000000000E-003    0.000000000000000E+000
  7.800000000000001E-003    0.000000000000000E+000
  7.900000000000001E-003    0.000000000000000E+000
  8.000000000000000E-003    0.000000000000000E+000
  8.100000000000001E-003    0.000000000000000E+000
  8.200000000000001E-003    0.000000000000000E+000
  8.300000000000000E-003    0.000000000000000E+000
  8.400000000000001E-003    0.000000000000000E+000
  8.500000000000001E-003    0.000000000000000E+000
  8.600000000000000E-003    0.000000000000000E+000
  8.700000000000001E-003    0.000000000000000E+000
  8.800000000000001E-003    0.000000000000000E+000
  8.900000000000002E-003    0.000000000000000E+000
  9.000000000000001E-003    0.000000000000000E+000
  9.100000000000000E-003    0.000000000000000E+000
  9.200000000000002E-003    0.000000000000000E+000
  9.300000000000001E-003    0.000000000000000E+000
  9.400000000000000E-003    0.000000000000000E+000
  9.500000000000001E-003    0.000000000000000E+000
  9.600000000000001E-003    0.000000000000000E+000
  9.700000000000000E-003    0.000000000000000E+000
  9.800000000000001E-003    0.000000000000000E+000
  9.900000000000001E-003    0.000000000000000E+000
  1.000000000000000E-002    0.000000000000000E+000
  1.010000000000000E-002    0.000000000000000E+000
  1.020000000000000E-002    0.000000000000000E+000
  1.030000000000000E-002    0.000000000000000E+000
  1.040000000000000E-002    0.000000000000000E+000
  1.050000000000000E-002    0.000000000000000E+000
  1.060000000000000E-002    0.000000000000000E+000
  1.070000000000000E-002    0.000000000000000E+000
  1.080000000000000E-002    0.000000000000000E+000
  1.090000000000000E-002    0.000000000000000E+000
  1.100000000000000E-002    0.000000000000000E+000
  1.110000000000000E-002    0.000000000000000E+000
  1.120000000000000E-002    0.000000000000000E+000
  1.130000000000000E-002    0.000000000000000E+000
  1.140000000000000E-002    0.000000000000000E+000
  1.150000000000000E-002    0.000000000000000E+000
  1.160000000000000E-002    0.000000000000000E+000
  1.170000000000000E-002    0.000000000000000E+000
  1.180000000000000E-002    0.000000000000000E+000
  1.190000000000000E-002    0.000000000000000E+000
  1.200000000000000E-002    0.000000000000000E+000
  1.210000000000000E-002    0.000000000000000E+000
  1.220000000000000E-002    0.000000000000000E+000
  1.230000000000000E-002    0.000000000000000E+000
  1.240000000000000E-002    0.000000000000000E+000
  1.250000000000000E-002    0.000000000000000E+000
  1.260000000000000E-002    0.000000000000000E+000
  1.270000000000000E-002    0.000000000000000E+000
  1.280000000000000E-002    0.000000000000000E+000
  1.290000000000000E-002    0.000000000000000E+000
  1.300000000000000E-002    0.000000000000000E+000
  1.310000000000000E-002    0.000000000000000E+000
  1.320000000000000E-002    0.000000000000000E+000
  1.330000000000000E-002    0.000000000000000E+000
  1.340000000000000E-002    0.000000000000000E+000
  1.350000000000000E-002    0.000000000000000E+000
  1.360000000000000E-002    0.000000000000000E+000
  1.370000000000000E-002    0.000000000000000E+000
  1.380000000000000E-002    0.000000000000000E+000
  1.390000000000000E-002    0.000000000000000E+000
  1.400000000000000E-002    0.000000000000000E+000
  1.410000000000000E-002    0.000000000000000E+000
  1.420000000000000E-002    0.000000000000000E+000
  1.430000000000000E-002    0.000000000000000E+000
  1.440000000000000E-002    0.000000000000000E+000
  1.450000000000000E-002    0.000000000000000E+000
  1.460000000000000E-002    0.000000000000000E+000
  1.470000000000000E-002    0.000000000000000E+000
  1.480000000000000E-002    0.000000000000000E+000
  1.490000000000000E-002    0.000000000000000E+000
  1.500000000000000E-002    0.000000000000000E+000
  1.510000000000000E-002    0.000000000000000E+000
  1.520000000000000E-002    0.000000000000000E+000
  1.530000000000000E-002    0.000000000000000E+000
  1.540000000000000E-002    0.000000000000000E+000
  1.550000000000000E-002    0.000000000000000E+000
  1.560000000000000E-002    0.000000000000000E+000
  1.570000000000000E-002    0.000000000000000E+000
  1.580000000000000E-002    0.000000000000000E+000
  1.590000000000000E-002    0.000000000000000E+000
  1.600000000000000E-002    0.000000000000000E+000
  1.610000000000000E-002    0.000000000000000E+000
  1.620000000000000E-002    0.000000000000000E+000
  1.630000000000000E-002    0.000000000000000E+000
  1.640000000000000E-002    0.000000000000000E+000
  1.650000000000000E-002    0.000000000000000E+000
  1.660000000000000E-002    0.000000000000000E+000
  1.670000000000000E-002    0.000000000000000E+000
  1.680000000000000E-002    0.000000000000000E+000
  1.690000000000000E-002    0.000000000000000E+000
  1.700000000000000E-002    0.000000000000000E+000
  1.710000000000000E-002    0.000000000000000E+000
  1.720000000000000E-002    0.000000000000000E+000
  1.730000000000000E-002    0.000000000000000E+000
  1.740000000000000E-002    0.000000000000000E+000
  1.750000000000000E-002    0.000000000000000E+000
  1.760000000000000E-002    0.000000000000000E+000
  1.770000000000000E-002    0.000000000000000E+000
  1.780000000000000E-002    0.000000000000000E+000
  1.790000000000000E-002    0.000000000000000E+000
  1.800000000000000E-002    0.000000000000000E+000
  1.810000000000000E-002    0.000000000000000E+000
  1.820000000000000E-002    0.000000000000000E+000
  1.830000000000000E-002    0.000000000000000E+000
  1.840000000000000E-002    0.000000000000000E+000
  1.850000000000000E-002    0.000000000000000E+000
  1.860000000000000E-002    0.000000000000000E+000
  1.870000000000000E-002    0.000000000000000E+000
  1.880000000000000E-002    0.000000000000000E+000
  1.890000000000000E-002    0.000000000000000E+000
  1.900000000000000E-002    0.000000000000000E+000
  1.910000000000000E-002    0.000000000000000E+000
  1.920000000000000E-002    0.000000000000000E+000
  1.930000000000000E-002    0.000000000000000E+000
  1.940000000000000E-002    0.000000000000000E+000
  1.950000000000000E-002    0.000000000000000E+000
  1.960000000000000E-002    0.000000000000000E+000
  1.970000000000000E-002    0.000000000000000E+000
  1.980000000000000E-002    0.000000000000000E+000
  1.990000000000000E-002    0.000000000000000E+000
  2.000000000000000E-002    0.000000000000000E+000
  2.010000000000000E-002    0.000000000000000E+000
  2.020000000000000E-002    0.000000000000000E+000
  2.030000000000000E-002    0.000000000000000E+000
  2.040000000000000E-002    0.000000000000000E+000
  2.050000000000000E-002    0.000000000000000E+000
  2.060000000000000E-002    0.000000000000000E+000
  2.070000000000000E-002    0.000000000000000E+000
  2.080000000000000E-002    0.000000000000000E+000
  2.090000000000000E-002    0.000000000000000E+000
  2.100000000000000E-002    0.000000000000000E+000
  2.110000000000000E-002    0.000000000000000E+000
  2.120000000000000E-002    0.000000000000000E+000
  2.130000000000000E-002    0.000000000000000E+000
  2.140000000000000E-002    0.000000000000000E+000
  2.150000000000000E-002    0.000000000000000E+000
  2.160000000000000E-002    0.000000000000000E+000
  2.170000000000000E-002    0.000000000000000E+000
  2.180000000000000E-002    0.000000000000000E+000
  2.190000000000000E-002    0.000000000000000E+000
  2.200000000000000E-002    0.000000000000000E+000
  2.210000000000000E-002    0.000000000000000E+000
  2.220000000000000E-002    0.000000000000000E+000
  2.230000000000000E-002    0.000000000000000E+000
  2.240000000000000E-002    0.000000000000000E+000
  2.250000000000000E-002    0.000000000000000E+000
  2.260000000000000E-002    0.000000000000000E+000
  2.270000000000000E-002    0.000000000000000E+000
  2.280000000000000E-002    0.000000000000000E+000
  2.290000000000000E-002    0.000000000000000E+000
  2.300000000000000E-002    0.000000000000000E+000
  2.310000000000000E-002    0.000000000000000E+000
  2.320000000000000E-002    0.000000000000000E+000
  2.330000000000000E-002    0.000000000000000E+000
  2.340000000000000E-002    0.000000000000000E+000
  2.350000000000000E-002    0.000000000000000E+000
  2.360000000000000E-002    0.000000000000000E+000
  2.370000000000000E-002    0.000000000000000E+000
  2.380000000000000E-002    0.000000000000000E+000
  2.390000000000000E-002    0.000000000000000E+000
  2.400000000000000E-002    0.000000000000000E+000
  2.410000000000000E-002    0.000000000000000E+000
  2.420000000000000E-002    0.000000000000000E+000
  2.430000000000000E-002    0.000000000000000E+000
  2.440000000000000E-002    0.000000000000000E+000
  2.450000000000000E-002    0.000000000000000E+000
  2.460000000000000E-002    0.000000000000000E+000
  2.470000000000000E-002    0.000000000000000E+000
  2.480000000000000E-002    0.000000000000000E+000
  2.490000000000000E-002    0.000000000000000E+000
  2.500000000000000E-002    0.000000000000000E+000
  2.510000000000000E-002    0.000000000000000E+000
  2.520000000000000E-002    0.000000000000000E+000
  2.530000000000000E-002    0.000000000000000E+000
  2.540000000000000E-002    0.000000000000000E+000
  2.550000000000000E-002    0.000000000000000E+000
  2.560000000000000E-002    0.000000000000000E+000
  2.570000000000000E-002    0.000000000000000E+000
  2.580000000000000E-002    0.000000000000000E+000
  2.590000000000000E-002    0.000000000000000E+000
  2.600000000000000E-002    0.000000000000000E+000
  2.610000000000000E-002    0.000000000000000E+000
  2.620000000000000E-002    0.000000000000000E+000
  2.630000000000000E-002    0.000000000000000E+000
  2.640000000000000E-002    0.000000000000000E+000
  2.650000000000000E-002    0.000000000000000E+000
  2.660000000000000E-002    0.000000000000000E+000
  2.670000000000000E-002    0.000000000000000E+000
  2.680000000000000E-002    0.000000000000000E+000
  2.690000000000000E-002    0.000000000000000E+000
  2.700000000000000E-002    0.000000000000000E+000
  2.710000000000000E-002    0.000000000000000E+000
  2.720000000000000E-002    0.000000000000000E+000
  2.730000000000000E-002    0.000000000000000E+000
  2.740000000000000E-002    0.000000000000000E+000
  2.750000000000000E-002    0.000000000000000E+000
  2.760000000000000E-002    0.000000000000000E+000
  2.770000000000000E-002    0.000000000000000E+000
  2.780000000000000E-002    0.000000000000000E+000
  2.790000000000000E-002    0.000000000000000E+000
  2.800000000000000E-002    0.000000000000000E+000
  2.810000000000000E-002    0.000000000000000E+000
  2.820000000000000E-002    0.000000000000000E+000
  2.830000000000000E-002    0.000000000000000E+000
  2.840000000000000E-002    0.000000000000000E+000
  2.850000000000000E-002    0.000000000000000E+000
  2.860000000000000E-002    0.000000000000000E+000
  2.870000000000000E-002    0.000000000000000E+000
  2.880000000000000E-002    0.000000000000000E+000
  2.890000000000000E-002    0.000000000000000E+000
  2.900000000000000E-002    0.000000000000000E+000
  2.910000000000000E-002    0.000000000000000E+000
  2.920000000000000E-002    0.000000000000000E+000
  2.930000000000000E-002    0.000000000000000E+000
  2.940000000000000E-002    0.000000000000000E+000
  2.950000000000000E-002    0.000000000000000E+000
  2.960000000000000E-002    0.000000000000000E+000
  2.970000000000000E-002    0.000000000000000E+000
  2.980000000000000E-002    0.000000000000000E+000
  2.990000000000000E-002    0.000000000000000E+000
  3.000000000000000E-002    0.000000000000000E+000
  3.010000000000000E-002    0.000000000000000E+000
  3.020000000000000E-002    0.000000000000000E+000
  3.030000000000000E-002    0.000000000000000E+000
  3.040000000000000E-002    0.000000000000000E+000
  3.050000000000000E-002    0.000000000000000E+000
  3.060000000000000E-002    0.000000000000000E+000
  3.070000000000001E-002    0.000000000000000E+000
  3.080000000000000E-002    0.000000000000000E+000
  3.090000000000000E-002    0.000000000000000E+000
  3.100000000000000E-002    0.000000000000000E+000
  3.110000000000000E-002    0.000000000000000E+000
  3.120000000000000E-002    0.000000000000000E+000
  3.130000000000000E-002    0.000000000000000E+000
  3.140000000000000E-002    0.000000000000000E+000
  3.150000000000000E-002    0.000000000000000E+000
  3.160000000000000E-002    0.000000000000000E+000
  3.170000000000000E-002    0.000000000000000E+000
  3.180000000000000E-002    0.000000000000000E+000
  3.190000000000000E-002    0.000000000000000E+000
  3.200000000000000E-002    0.000000000000000E+000
  3.210000000000000E-002    0.000000000000000E+000
  3.220000000000000E-002    0.000000000000000E+000
  3.230000000000000E-002    0.000000000000000E+000
  3.240000000000001E-002    0.000000000000000E+000
  3.250000000000000E-002    0.000000000000000E+000
  3.260000000000000E-002    0.000000000000000E+000
  3.270000000000000E-002    0.000000000000000E+000
  3.280000000000000E-002    0.000000000000000E+000
  3.290000000000000E-002    0.000000000000000E+000
  3.300000000000000E-002    0.000000000000000E+000
  3.310000000000000E-002    0.000000000000000E+000
  3.320000000000000E-002    0.000000000000000E+000
  3.330000000000000E-002    0.000000000000000E+000
  3.340000000000000E-002    0.000000000000000E+000
  3.350000000000000E-002    0.000000000000000E+000
  3.360000000000000E-002    0.000000000000000E+000
  3.370000000000000E-002    0.000000000000000E+000
  3.380000000000000E-002    0.000000000000000E+000
  3.390000000000000E-002    0.000000000000000E+000
  3.400000000000000E-002    0.000000000000000E+000
  3.410000000000001E-002    0.000000000000000E+000
  3.420000000000000E-002    0.000000000000000E+000
  3.430000000000000E-002    0.000000000000000E+000
  3.440000000000000E-002    0.000000000000000E+000
  3.450000000000000E-002    0.000000000000000E+000
  3.460000000000000E-002    0.000000000000000E+000
  3.470000000000000E-002    0.000000000000000E+000
  3.480000000000000E-002    0.000000000000000E+000
  3.490000000000000E-002    0.000000000000000E+000
  3.500000000000000E-002    0.000000000000000E+000
  3.510000000000000E-002    0.000000000000000E+000
  3.520000000000000E-002    0.000000000000000E+000
  3.530000000000000E-002    0.000000000000000E+000
  3.540000000000000E-002    0.000000000000000E+000
  3.550000000000000E-002    0.000000000000000E+000
  3.560000000000000E-002    0.000000000000000E+000
  3.570000000000000E-002    0.000000000000000E+000
  3.580000000000001E-002    0.000000000000000E+000
  3.590000000000000E-002    0.000000000000000E+000
  3.600000000000000E-002    0.000000000000000E+000
  3.610000000000000E-002    0.000000000000000E+000
  3.620000000000000E-002    0.000000000000000E+000
  3.630000000000000E-002    0.000000000000000E+000
  3.640000000000000E-002    0.000000000000000E+000
  3.650000000000000E-002    0.000000000000000E+000
  3.660000000000000E-002    0.000000000000000E+000
  3.670000000000000E-002    0.000000000000000E+000
  3.680000000000000E-002    0.000000000000000E+000
  3.690000000000000E-002    0.000000000000000E+000
  3.700000000000001E-002    0.000000000000000E+000
  3.710000000000000E-002    0.000000000000000E+000
  3.720000000000000E-002    0.000000000000000E+000
  3.730000000000000E-002    0.000000000000000E+000
  3.740000000000000E-002    0.000000000000000E+000
  3.750000000000001E-002    0.000000000000000E+000
  3.760000000000000E-002    0.000000000000000E+000
  3.770000000000000E-002    0.000000000000000E+000
  3.780000000000000E-002    0.000000000000000E+000
  3.790000000000000E-002    0.000000000000000E+000
  3.800000000000000E-002    0.000000000000000E+000
  3.810000000000000E-002    0.000000000000000E+000
  3.820000000000000E-002    0.000000000000000E+000
  3.830000000000000E-002    0.000000000000000E+000
  3.840000000000000E-002    0.000000000000000E+000
  3.850000000000000E-002    0.000000000000000E+000
  3.860000000000000E-002    0.000000000000000E+000
  3.870000000000001E-002    0.000000000000000E+000
  3.880000000000000E-002    0.000000000000000E+000
  3.890000000000000E-002    0.000000000000000E+000
  3.900000000000000E-002    0.000000000000000E+000
  3.910000000000000E-002    0.000000000000000E+000
  3.920000000000001E-002    0.000000000000000E+000
  3.930000000000000E-002    0.000000000000000E+000
  3.940000000000000E-002    0.000000000000000E+000
  3.950000000000000E-002    0.000000000000000E+000
  3.960000000000000E-002    0.000000000000000E+000
  3.970000000000000E-002    0.000000000000000E+000
  3.980000000000000E-002    0.000000000000000E+000
  3.990000000000000E-002    0.000000000000000E+000
  4.000000000000000E-002    0.000000000000000E+000
  4.010000000000000E-002    0.000000000000000E+000
  4.020000000000000E-002    0.000000000000000E+000
  4.030000000000000E-002    0.000000000000000E+000
  4.040000000000001E-002    0.000000000000000E+000
  4.050000000000000E-002    0.000000000000000E+000
  4.060000000000000E-002    0.000000000000000E+000
  4.070000000000000E-002    0.000000000000000E+000
  4.080000000000000E-002    0.000000000000000E+000
  4.090000000000001E-002    0.000000000000000E+000
  4.100000000000000E-002    0.000000000000000E+000
  4.110000000000000E-002    0.000000000000000E+000
  4.120000000000000E-002    0.000000000000000E+000
  4.130000000000000E-002    0.000000000000000E+000
  4.140000000000000E-002    0.000000000000000E+000
  4.150000000000000E-002    0.000000000000000E+000
  4.160000000000001E-002    0.000000000000000E+000
  4.170000000000000E-002    0.000000000000000E+000
  4.180000000000000E-002    0.000000000000000E+000
  4.190000000000000E-002    0.000000000000000E+000
  4.200000000000000E-002    0.000000000000000E+000
  4.210000000000001E-002    0.000000000000000E+000
  4.220000000000000E-002    0.000000000000000E+000
  4.230000000000000E-002    0.000000000000000E+000
  4.240000000000000E-002    0.000000000000000E+000
  4.250000000000000E-002    0.000000000000000E+000
  4.260000000000000E-002    0.000000000000000E+000
  4.270000000000000E-002    0.000000000000000E+000
  4.280000000000000E-002    0.000000000000000E+000
  4.290000000000000E-002    0.000000000000000E+000
  4.300000000000000E-002    0.000000000000000E+000
  4.310000000000000E-002    0.000000000000000E+000
  4.320000000000000E-002    0.000000000000000E+000
  4.330000000000001E-002    0.000000000000000E+000
  4.340000000000000E-002    0.000000000000000E+000
  4.350000000000000E-002    0.000000000000000E+000
  4.360000000000000E-002    0.000000000000000E+000
  4.370000000000000E-002    0.000000000000000E+000
  4.380000000000001E-002    0.000000000000000E+000
  4.390000000000000E-002    0.000000000000000E+000
  4.400000000000000E-002    0.000000000000000E+000
  4.410000000000000E-002    0.000000000000000E+000
  4.420000000000000E-002    0.000000000000000E+000
  4.430000000000000E-002    0.000000000000000E+000
  4.440000000000000E-002    0.000000000000000E+000
  4.450000000000000E-002    0.000000000000000E+000
  4.460000000000000E-002    0.000000000000000E+000
  4.470000000000000E-002    0.000000000000000E+000
  4.480000000000000E-002    0.000000000000000E+000
  4.490000000000000E-002    0.000000000000000E+000
  4.500000000000001E-002    0.000000000000000E+000
  4.510000000000000E-002    0.000000000000000E+000
  4.520000000000000E-002    0.000000000000000E+000
  4.530000000000000E-002    0.000000000000000E+000
  4.540000000000000E-002    0.000000000000000E+000
  4.550000000000001E-002    0.000000000000000E+000
  4.560000000000000E-002    0.000000000000000E+000
  4.570000000000000E-002    0.000000000000000E+000
  4.580000000000000E-002    0.000000000000000E+000
  4.590000000000000E-002    0.000000000000000E+000
  4.600000000000000E-002    0.000000000000000E+000
  4.610000000000000E-002    0.000000000000000E+000
  4.620000000000000E-002    0.000000000000000E+000
  4.630000000000000E-002    0.000000000000000E+000
  4.640000000000000E-002    0.000000000000000E+000
  4.650000000000000E-002    0.000000000000000E+000
  4.660000000000000E-002    0.000000000000000E+000
  4.670000000000001E-002    0.000000000000000E+000
  4.680000000000000E-002    0.000000000000000E+000
  4.690000000000000E-002    0.000000000000000E+000
  4.700000000000000E-002    0.000000000000000E+000
  4.710000000000000E-002    0.000000000000000E+000
  4.720000000000001E-002    0.000000000000000E+000
  4.730000000000000E-002    0.000000000000000E+000
  4.740000000000000E-002    0.000000000000000E+000
  4.750000000000000E-002    0.000000000000000E+000
  4.760000000000000E-002    0.000000000000000E+000
  4.770000000000000E-002    0.000000000000000E+000
  4.780000000000000E-002    0.000000000000000E+000
  4.790000000000001E-002    0.000000000000000E+000
  4.800000000000000E-002    0.000000000000000E+000
  4.810000000000000E-002    0.000000000000000E+000
  4.820000000000000E-002    0.000000000000000E+000
  4.830000000000000E-002    0.000000000000000E+000
  4.840000000000001E-002    0.000000000000000E+000
  4.850000000000000E-002    0.000000000000000E+000
  4.860000000000000E-002    0.000000000000000E+000
  4.870000000000000E-002    0.000000000000000E+000
  4.880000000000000E-002    0.000000000000000E+000
  4.890000000000001E-002    0.000000000000000E+000
  4.900000000000000E-002    0.000000000000000E+000
  4.910000000000000E-002    0.000000000000000E+000
  4.920000000000000E-002    0.000000000000000E+000
  4.930000000000000E-002    0.000000000000000E+000
  4.940000000000000E-002    0.000000000000000E+000
  4.950000000000000E-002    0.000000000000000E+000
  4.960000000000001E-002    0.000000000000000E+000
  4.970000000000000E-002    0.000000000000000E+000
  4.980000000000000E-002    0.000000000000000E+000
  4.990000000000000E-002    0.000000000000000E+000
  5.000000000000000E-002    0.000000000000000E+000
  5.010000000000001E-002    0.000000000000000E+000
  5.020000000000000E-002    0.000000000000000E+000
  5.030000000000000E-002    0.000000000000000E+000
  5.040000000000000E-002    0.000000000000000E+000
  5.050000000000000E-002    0.000000000000000E+000
  5.060000000000001E-002    0.000000000000000E+000
  5.070000000000000E-002    0.000000000000000E+000
  5.080000000000000E-002    0.000000000000000E+000
  5.090000000000000E-002    0.000000000000000E+000
  5.100000000000000E-002    0.000000000000000E+000
  5.110000000000000E-002    0.000000000000000E+000
  5.120000000000000E-002    0.000000000000000E+000
  5.130000000000001E-002    0.000000000000000E+000
  5.140000000000000E-002    0.000000000000000E+000
  5.150000000000000E-002    0.000000000000000E+000
  5.160000000000000E-002    0.000000000000000E+000
  5.170000000000000E-002    0.000000000000000E+000
  5.180000000000001E-002    0.000000000000000E+000
  5.190000000000000E-002    0.000000000000000E+000
  5.200000000000000E-002    0.000000000000000E+000
  5.210000000000000E-002    0.000000000000000E+000
  5.220000000000000E-002    0.000000000000000E+000
  5.230000000000001E-002    0.000000000000000E+000
  5.240000000000000E-002    0.000000000000000E+000
  5.250000000000000E-002    0.000000000000000E+000
  5.260000000000000E-002    0.000000000000000E+000
  5.270000000000000E-002    0.000000000000000E+000
  5.280000000000000E-002    0.000000000000000E+000
  5.290000000000000E-002    0.000000000000000E+000
  5.300000000000001E-002    0.000000000000000E+000
  5.310000000000000E-002    0.000000000000000E+000
  5.320000000000000E-002    0.000000000000000E+000
  5.330000000000000E-002    0.000000000000000E+000
  5.340000000000000E-002    0.000000000000000E+000
  5.350000000000001E-002    0.000000000000000E+000
  5.360000000000000E-002    0.000000000000000E+000
  5.370000000000000E-002    0.000000000000000E+000
  5.380000000000000E-002    0.000000000000000E+000
  5.390000000000000E-002    0.000000000000000E+000
  5.400000000000001E-002    0.000000000000000E+000
  5.410000000000000E-002    0.000000000000000E+000
  5.420000000000001E-002    0.000000000000000E+000
  5.430000000000000E-002    0.000000000000000E+000
  5.440000000000000E-002    0.000000000000000E+000
  5.450000000000000E-002    0.000000000000000E+000
  5.460000000000000E-002    0.000000000000000E+000
  5.470000000000001E-002    0.000000000000000E+000
  5.480000000000000E-002    0.000000000000000E+000
  5.490000000000000E-002    0.000000000000000E+000
  5.500000000000000E-002    0.000000000000000E+000
  5.510000000000000E-002    0.000000000000000E+000
  5.520000000000001E-002    0.000000000000000E+000
  5.530000000000000E-002    0.000000000000000E+000
  5.540000000000000E-002    0.000000000000000E+000
  5.550000000000000E-002    0.000000000000000E+000
  5.560000000000000E-002    0.000000000000000E+000
  5.570000000000001E-002    0.000000000000000E+000
  5.580000000000000E-002    0.000000000000000E+000
  5.590000000000001E-002    0.000000000000000E+000
  5.600000000000000E-002    0.000000000000000E+000
  5.610000000000000E-002    0.000000000000000E+000
  5.620000000000000E-002    0.000000000000000E+000
  5.630000000000000E-002    0.000000000000000E+000
  5.640000000000001E-002    0.000000000000000E+000
  5.650000000000000E-002    0.000000000000000E+000
  5.660000000000000E-002    0.000000000000000E+000
  5.670000000000000E-002    0.000000000000000E+000
  5.680000000000000E-002    0.000000000000000E+000
  5.690000000000001E-002    0.000000000000000E+000
  5.700000000000000E-002    0.000000000000000E+000
  5.710000000000000E-002    0.000000000000000E+000
  5.720000000000000E-002    0.000000000000000E+000
  5.730000000000000E-002    0.000000000000000E+000
  5.740000000000001E-002    0.000000000000000E+000
  5.750000000000000E-002    0.000000000000000E+000
  5.760000000000001E-002    0.000000000000000E+000
  5.770000000000000E-002    0.000000000000000E+000
  5.780000000000000E-002    0.000000000000000E+000
  5.790000000000000E-002    0.000000000000000E+000
  5.800000000000000E-002    0.000000000000000E+000
  5.810000000000001E-002    0.000000000000000E+000
  5.820000000000000E-002    0.000000000000000E+000
  5.830000000000000E-002    0.000000000000000E+000
  5.840000000000000E-002    0.000000000000000E+000
  5.850000000000000E-002    0.000000000000000E+000
  5.860000000000001E-002    0.000000000000000E+000
  5.870000000000000E-002    0.000000000000000E+000
  5.880000000000001E-002    0.000000000000000E+000
  5.890000000000000E-002    0.000000000000000E+000
  5.900000000000000E-002    0.000000000000000E+000
  5.910000000000000E-002    0.000000000000000E+000
  5.920000000000000E-002    0.000000000000000E+000
  5.930000000000001E-002    0.000000000000000E+000
  5.940000000000000E-002    0.000000000000000E+000
  5.950000000000000E-002    0.000000000000000E+000
  5.960000000000000E-002    0.000000000000000E+000
  5.970000000000000E-002    0.000000000000000E+000
  5.980000000000001E-002    0.000000000000000E+000
  5.990000000000000E-002    0.000000000000000E+000
  6.000000000000000E-002    0.000000000000000E+000
  6.010000000000000E-002    0.000000000000000E+000
  6.020000000000000E-002    0.000000000000000E+000
  6.030000000000001E-002    0.000000000000000E+000
  6.040000000000000E-002    0.000000000000000E+000
  6.050000000000001E-002    0.000000000000000E+000
  6.060000000000000E-002    0.000000000000000E+000
  6.070000000000000E-002    0.000000000000000E+000
  6.080000000000000E-002    0.000000000000000E+000
  6.090000000000000E-002    0.000000000000000E+000
  6.100000000000001E-002    0.000000000000000E+000
  6.110000000000000E-002    0.000000000000000E+000
  6.120000000000000E-002    0.000000000000000E+000
  6.130000000000000E-002    0.000000000000000E+000
  6.140000000000000E-002    0.000000000000000E+000
  6.150000000000001E-002    0.000000000000000E+000
  6.160000000000001E-002    0.000000000000000E+000
  6.170000000000000E-002    0.000000000000000E+000
  6.180000000000000E-002    0.000000000000000E+000
  6.190000000000000E-002    0.000000000000000E+000
  6.200000000000001E-002    0.000000000000000E+000
  6.210000000000001E-002    0.000000000000000E+000
  6.220000000000000E-002    0.000000000000000E+000
  6.230000000000000E-002    0.000000000000000E+000
  6.240000000000000E-002    0.000000000000000E+000
  6.250000000000000E-002    0.000000000000000E+000
  6.260000000000000E-002    0.000000000000000E+000
  6.269999999999999E-002    0.000000000000000E+000
  6.279999999999999E-002    0.000000000000000E+000
  6.290000000000000E-002    0.000000000000000E+000
  6.300000000000000E-002    0.000000000000000E+000
  6.310000000000000E-002    0.000000000000000E+000
  6.319999999999999E-002    0.000000000000000E+000
  6.330000000000000E-002    0.000000000000000E+000
  6.340000000000000E-002    0.000000000000000E+000
  6.350000000000000E-002    0.000000000000000E+000
  6.359999999999999E-002    0.000000000000000E+000
  6.369999999999999E-002    0.000000000000000E+000
  6.380000000000000E-002    0.000000000000000E+000
  6.390000000000000E-002    0.000000000000000E+000
  6.400000000000000E-002    0.000000000000000E+000
  6.409999999999999E-002    0.000000000000000E+000
  6.419999999999999E-002    0.000000000000000E+000
  6.430000000000000E-002    0.000000000000000E+000
  6.440000000000000E-002    0.000000000000000E+000
  6.450000000000000E-002    0.000000000000000E+000
  6.459999999999999E-002    0.000000000000000E+000
  6.469999999999999E-002    0.000000000000000E+000
  6.480000000000000E-002    0.000000000000000E+000
  6.490000000000000E-002    0.000000000000000E+000
  6.500000000000000E-002    0.000000000000000E+000
  6.509999999999999E-002    0.000000000000000E+000
  6.519999999999999E-002    0.000000000000000E+000
  6.530000000000000E-002    0.000000000000000E+000
  6.540000000000000E-002    0.000000000000000E+000
  6.550000000000000E-002    0.000000000000000E+000
  6.559999999999999E-002    0.000000000000000E+000
  6.569999999999999E-002    0.000000000000000E+000
  6.580000000000000E-002    0.000000000000000E+000
  6.590000000000000E-002    0.000000000000000E+000
  6.600000000000000E-002    0.000000000000000E+000
  6.609999999999999E-002    0.000000000000000E+000
  6.619999999999999E-002    0.000000000000000E+000
  6.630000000000000E-002    0.000000000000000E+000
  6.640000000000000E-002    0.000000000000000E+000
  6.650000000000000E-002    0.000000000000000E+000
  6.659999999999999E-002    0.000000000000000E+000
  6.670000000000000E-002    0.000000000000000E+000
  6.680000000000000E-002    0.000000000000000E+000
  6.690000000000000E-002    0.000000000000000E+000
  6.699999999999999E-002    0.000000000000000E+000
  6.709999999999999E-002    0.000000000000000E+000
  6.720000000000000E-002    0.000000000000000E+000
  6.730000000000000E-002    0.000000000000000E+000
  6.740000000000000E-002    0.000000000000000E+000
  6.749999999999999E-002    0.000000000000000E+000
  6.759999999999999E-002    0.000000000000000E+000
  6.770000000000000E-002    0.000000000000000E+000
  6.780000000000000E-002    0.000000000000000E+000
  6.790000000000000E-002    0.000000000000000E+000
  6.799999999999999E-002    0.000000000000000E+000
  6.809999999999999E-002    0.000000000000000E+000
  6.820000000000000E-002    0.000000000000000E+000
  6.830000000000000E-002    0.000000000000000E+000
  6.840000000000000E-002    0.000000000000000E+000
  6.849999999999999E-002    0.000000000000000E+000
  6.859999999999999E-002    0.000000000000000E+000
  6.870000000000000E-002    0.000000000000000E+000
  6.880000000000000E-002    0.000000000000000E+000
  6.890000000000000E-002    0.000000000000000E+000
  6.899999999999999E-002    0.000000000000000E+000
  6.909999999999999E-002    0.000000000000000E+000
  6.920000000000000E-002    0.000000000000000E+000
  6.930000000000000E-002    0.000000000000000E+000
  6.940000000000000E-002    0.000000000000000E+000
  6.949999999999999E-002    0.000000000000000E+000
  6.960000000000000E-002    0.000000000000000E+000
  6.970000000000000E-002    0.000000000000000E+000
  6.980000000000000E-002    0.000000000000000E+000
  6.989999999999999E-002    0.000000000000000E+000
  6.999999999999999E-002    0.000000000000000E+000
  7.010000000000000E-002    0.000000000000000E+000
  7.020000000000000E-002    0.000000000000000E+000
  7.030000000000000E-002    0.000000000000000E+000
  7.039999999999999E-002    0.000000000000000E+000
  7.049999999999999E-002    0.000000000000000E+000
  7.060000000000000E-002    0.000000000000000E+000
  7.070000000000000E-002    0.000000000000000E+000
  7.080000000000000E-002    0.000000000000000E+000
  7.089999999999999E-002    0.000000000000000E+000
  7.099999999999999E-002    0.000000000000000E+000
  7.110000000000000E-002    0.000000000000000E+000
  7.120000000000000E-002    0.000000000000000E+000
  7.130000000000000E-002    0.000000000000000E+000
  7.139999999999999E-002    0.000000000000000E+000
  7.149999999999999E-002    0.000000000000000E+000
  7.160000000000000E-002    0.000000000000000E+000
  7.170000000000000E-002    0.000000000000000E+000
  7.180000000000000E-002    0.000000000000000E+000
  7.189999999999999E-002    0.000000000000000E+000
  7.199999999999999E-002    0.000000000000000E+000
  7.210000000000000E-002    0.000000000000000E+000
  7.220000000000000E-002    0.000000000000000E+000
  7.230000000000000E-002    0.000000000000000E+000
  7.239999999999999E-002    0.000000000000000E+000
  7.250000000000000E-002    0.000000000000000E+000
  7.260000000000000E-002    0.000000000000000E+000
  7.270000000000000E-002    0.000000000000000E+000
  7.280000000000000E-002    0.000000000000000E+000
  7.289999999999999E-002    0.000000000000000E+000
  7.300000000000000E-002    0.000000000000000E+000
  7.310000000000000E-002    0.000000000000000E+000
  7.320000000000000E-002    0.000000000000000E+000
  7.329999999999999E-002    0.000000000000000E+000
  7.339999999999999E-002    0.000000000000000E+000
  7.350000000000000E-002    0.000000000000000E+000
  7.360000000000000E-002    0.000000000000000E+000
  7.370000000000000E-002    0.000000000000000E+000
  7.379999999999999E-002    0.000000000000000E+000
  7.389999999999999E-002    0.000000000000000E+000
  7.400000000000000E-002    0.000000000000000E+000
  7.410000000000000E-002    0.000000000000000E+000
  7.420000000000000E-002    0.000000000000000E+000
  7.429999999999999E-002    0.000000000000000E+000
  7.439999999999999E-002    0.000000000000000E+000
  7.450000000000000E-002    0.000000000000000E+000
  7.460000000000000E-002    0.000000000000000E+000
  7.470000000000000E-002    0.000000000000000E+000
  7.479999999999999E-002    0.000000000000000E+000
  7.489999999999999E-002    0.000000000000000E+000
  7.500000000000000E-002    0.000000000000000E+000
  7.510000000000000E-002    0.000000000000000E+000
  7.520000000000000E-002    0.000000000000000E+000
  7.529999999999999E-002    0.000000000000000E+000
  7.539999999999999E-002    0.000000000000000E+000
  7.550000000000000E-002    0.000000000000000E+000
  7.560000000000000E-002    0.000000000000000E+000
  7.570000000000000E-002    0.000000000000000E+000
  7.579999999999999E-002    0.000000000000000E+000
  7.590000000000000E-002    0.000000000000000E+000
  7.600000000000000E-002    0.000000000000000E+000
  7.610000000000000E-002    0.000000000000000E+000
  7.620000000000000E-002    0.000000000000000E+000
  7.629999999999999E-002    0.000000000000000E+000
  7.640000000000000E-002    0.000000000000000E+000
  7.650000000000000E-002    0.000000000000000E+000
  7.660000000000000E-002    0.000000000000000E+000
  7.669999999999999E-002    0.000000000000000E+000
  7.679999999999999E-002    0.000000000000000E+000
  7.690000000000000E-002    0.000000000000000E+000
  7.700000000000000E-002    0.000000000000000E+000
  7.710000000000000E-002    0.000000000000000E+000
  7.719999999999999E-002    0.000000000000000E+000
  7.729999999999999E-002    0.000000000000000E+000
  7.740000000000000E-002    0.000000000000000E+000
  7.750000000000000E-002    0.000000000000000E+000
  7.760000000000000E-002    0.000000000000000E+000
  7.769999999999999E-002    0.000000000000000E+000
  7.779999999999999E-002    0.000000000000000E+000
  7.790000000000000E-002    0.000000000000000E+000
  7.800000000000000E-002    0.000000000000000E+000
  7.810000000000000E-002    0.000000000000000E+000
  7.819999999999999E-002    0.000000000000000E+000
  7.829999999999999E-002    0.000000000000000E+000
  7.840000000000000E-002    0.000000000000000E+000
  7.850000000000000E-002    0.000000000000000E+000
  7.860000000000000E-002    0.000000000000000E+000
  7.869999999999999E-002    0.000000000000000E+000
  7.880000000000000E-002    0.000000000000000E+000
  7.890000000000000E-002    0.000000000000000E+000
  7.900000000000000E-002    0.000000000000000E+000
  7.910000000000000E-002    0.000000000000000E+000
  7.919999999999999E-002    0.000000000000000E+000
  7.930000000000000E-002    0.000000000000000E+000
  7.940000000000000E-002    0.000000000000000E+000
  7.950000000000000E-002    0.000000000000000E+000
  7.960000000000000E-002    0.000000000000000E+000
  7.969999999999999E-002    0.000000000000000E+000
  7.980000000000000E-002    0.000000000000000E+000
  7.990000000000000E-002    0.000000000000000E+000
  8.000000000000000E-002    0.000000000000000E+000
  8.009999999999999E-002    0.000000000000000E+000
  8.019999999999999E-002    0.000000000000000E+000
  8.030000000000000E-002    0.000000000000000E+000
  8.040000000000000E-002    0.000000000000000E+000
  8.050000000000000E-002    0.000000000000000E+000
  8.059999999999999E-002    0.000000000000000E+000
  8.069999999999999E-002    0.000000000000000E+000
  8.080000000000000E-002    0.000000000000000E+000
  8.090000000000000E-002    0.000000000000000E+000
  8.100000000000000E-002    0.000000000000000E+000
  8.109999999999999E-002    0.000000000000000E+000
  8.119999999999999E-002    0.000000000000000E+000
  8.130000000000000E-002    0.000000000000000E+000
  8.140000000000000E-002    0.000000000000000E+000
  8.150000000000000E-002    0.000000000000000E+000
  8.159999999999999E-002    0.000000000000000E+000
  8.169999999999999E-002    0.000000000000000E+000
  8.180000000000000E-002    0.000000000000000E+000
  8.190000000000000E-002    0.000000000000000E+000
  8.200000000000000E-002    0.000000000000000E+000
  8.209999999999999E-002    0.000000000000000E+000
  8.220000000000000E-002    0.000000000000000E+000
  8.230000000000000E-002    0.000000000000000E+000
  8.240000000000000E-002    0.000000000000000E+000
  8.250000000000000E-002    0.000000000000000E+000
  8.259999999999999E-002    0.000000000000000E+000
  8.270000000000000E-002    0.000000000000000E+000
  8.280000000000000E-002    0.000000000000000E+000
  8.290000000000000E-002    0.000000000000000E+000
  8.300000000000000E-002    0.000000000000000E+000
  8.309999999999999E-002    0.000000000000000E+000
  8.320000000000000E-002    0.000000000000000E+000
  8.330000000000000E-002    0.000000000000000E+000
  8.340000000000000E-002    0.000000000000000E+000
  8.349999999999999E-002    0.000000000000000E+000
  8.359999999999999E-002    0.000000000000000E+000
  8.370000000000000E-002    0.000000000000000E+000
  8.380000000000000E-002    0.000000000000000E+000
  8.390000000000000E-002    0.000000000000000E+000
  8.399999999999999E-002    0.000000000000000E+000
  8.409999999999999E-002    0.000000000000000E+000
  8.420000000000000E-002    0.000000000000000E+000
  8.430000000000000E-002    0.000000000000000E+000
  8.440000000000000E-002    0.000000000000000E+000
  8.449999999999999E-002    0.000000000000000E+000
  8.459999999999999E-002    0.000000000000000E+000
  8.470000000000000E-002    0.000000000000000E+000
  8.480000000000000E-002    0.000000000000000E+000
  8.490000000000000E-002    0.000000000000000E+000
  8.499999999999999E-002    0.000000000000000E+000
  8.510000000000000E-002    0.000000000000000E+000
  8.520000000000000E-002    0.000000000000000E+000
  8.530000000000000E-002    0.000000000000000E+000
  8.540000000000000E-002    0.000000000000000E+000
  8.549999999999999E-002    0.000000000000000E+000
  8.560000000000000E-002    0.000000000000000E+000
  8.570000000000000E-002    0.000000000000000E+000
  8.580000000000000E-002    0.000000000000000E+000
  8.590000000000000E-002    0.000000000000000E+000
  8.599999999999999E-002    0.000000000000000E+000
  8.610000000000000E-002    0.000000000000000E+000
  8.620000000000000E-002    0.000000000000000E+000
  8.630000000000000E-002    0.000000000000000E+000
  8.639999999999999E-002    0.000000000000000E+000
  8.649999999999999E-002    0.000000000000000E+000
  8.660000000000000E-002    0.000000000000000E+000
  8.670000000000000E-002    0.000000000000000E+000
  8.680000000000000E-002    0.000000000000000E+000
  8.689999999999999E-002    0.000000000000000E+000
  8.699999999999999E-002    0.000000000000000E+000
  8.710000000000000E-002    0.000000000000000E+000
  8.720000000000000E-002    0.000000000000000E+000
  8.730000000000000E-002    0.000000000000000E+000
  8.739999999999999E-002    0.000000000000000E+000
  8.749999999999999E-002    0.000000000000000E+000
  8.760000000000000E-002    0.000000000000000E+000
  8.770000000000000E-002    0.000000000000000E+000
  8.780000000000000E-002    0.000000000000000E+000
  8.789999999999999E-002    0.000000000000000E+000
  8.799999999999999E-002    0.000000000000000E+000
  8.810000000000000E-002    0.000000000000000E+000
  8.820000000000000E-002    0.000000000000000E+000
  8.830000000000000E-002    0.000000000000000E+000
  8.839999999999999E-002    0.000000000000000E+000
  8.850000000000000E-002    0.000000000000000E+000
  8.860000000000000E-002    0.000000000000000E+000
  8.870000000000000E-002    0.000000000000000E+000
  8.880000000000000E-002    0.000000000000000E+000
  8.889999999999999E-002    0.000000000000000E+000
  8.900000000000000E-002    0.000000000000000E+000
  8.910000000000000E-002    0.000000000000000E+000
  8.920000000000000E-002    0.000000000000000E+000
  8.930000000000000E-002    0.000000000000000E+000
  8.939999999999999E-002    0.000000000000000E+000
  8.950000000000000E-002    0.000000000000000E+000
  8.960000000000000E-002    0.000000000000000E+000
  8.970000000000000E-002    0.000000000000000E+000
  8.979999999999999E-002    0.000000000000000E+000
  8.989999999999999E-002    0.000000000000000E+000
  9.000000000000000E-002    0.000000000000000E+000
  9.010000000000000E-002    0.000000000000000E+000
  9.020000000000000E-002    0.000000000000000E+000
  9.029999999999999E-002    0.000000000000000E+000
  9.039999999999999E-002    0.000000000000000E+000
  9.050000000000000E-002    0.000000000000000E+000
  9.060000000000000E-002    0.000000000000000E+000
  9.070000000000000E-002    0.000000000000000E+000
  9.079999999999999E-002    0.000000000000000E+000
  9.089999999999999E-002    0.000000000000000E+000
  9.100000000000000E-002    0.000000000000000E+000
  9.110000000000000E-002    0.000000000000000E+000
  9.120000000000000E-002    0.000000000000000E+000
  9.129999999999999E-002    0.000000000000000E+000
  9.140000000000000E-002    0.000000000000000E+000
  9.150000000000000E-002    0.000000000000000E+000
  9.160000000000000E-002    0.000000000000000E+000
  9.170000000000000E-002    0.000000000000000E+000
  9.179999999999999E-002    0.000000000000000E+000
  9.190000000000000E-002    0.000000000000000E+000
  9.200000000000000E-002    0.000000000000000E+000
  9.210000000000000E-002    0.000000000000000E+000
  9.220000000000000E-002    0.000000000000000E+000
  9.229999999999999E-002    0.000000000000000E+000
  9.240000000000000E-002    0.000000000000000E+000
  9.250000000000000E-002    0.000000000000000E+000
  9.260000000000000E-002    0.000000000000000E+000
  9.270000000000000E-002    0.000000000000000E+000
  9.279999999999999E-002    0.000000000000000E+000
  9.290000000000000E-002    0.000000000000000E+000
  9.300000000000000E-002    0.000000000000000E+000
  9.310000000000000E-002    0.000000000000000E+000
  9.319999999999999E-002    0.000000000000000E+000
  9.329999999999999E-002    0.000000000000000E+000
  9.340000000000000E-002    0.000000000000000E+000
  9.350000000000000E-002    0.000000000000000E+000
  9.360000000000000E-002    0.000000000000000E+000
  9.369999999999999E-002    0.000000000000000E+000
  9.379999999999999E-002    0.000000000000000E+000
  9.390000000000000E-002    0.000000000000000E+000
  9.400000000000000E-002    0.000000000000000E+000
  9.410000000000000E-002    0.000000000000000E+000
  9.419999999999999E-002    0.000000000000000E+000
  9.429999999999999E-002    0.000000000000000E+000
  9.440000000000000E-002    0.000000000000000E+000
  9.450000000000000E-002    0.000000000000000E+000
  9.460000000000000E-002    0.000000000000000E+000
  9.469999999999999E-002    0.000000000000000E+000
  9.480000000000000E-002    0.000000000000000E+000
  9.490000000000000E-002    0.000000000000000E+000
  9.500000000000000E-002    0.000000000000000E+000
  9.510000000000000E-002    0.000000000000000E+000
  9.519999999999999E-002    0.000000000000000E+000
  9.530000000000000E-002    0.000000000000000E+000
  9.540000000000000E-002    0.000000000000000E+000
  9.550000000000000E-002    0.000000000000000E+000
  9.560000000000000E-002    0.000000000000000E+000
  9.569999999999999E-002    0.000000000000000E+000
  9.580000000000000E-002    0.000000000000000E+000
  9.590000000000000E-002    0.000000000000000E+000
  9.600000000000000E-002    0.000000000000000E+000
  9.610000000000000E-002    0.000000000000000E+000
  9.619999999999999E-002    0.000000000000000E+000
  9.630000000000000E-002    0.000000000000000E+000
  9.640000000000000E-002    0.000000000000000E+000
  9.650000000000000E-002    0.000000000000000E+000
  9.659999999999999E-002    0.000000000000000E+000
  9.669999999999999E-002    0.000000000000000E+000
  9.680000000000000E-002    0.000000000000000E+000
  9.690000000000000E-002    0.000000000000000E+000
  9.700000000000000E-002    0.000000000000000E+000
  9.709999999999999E-002    0.000000000000000E+000
  9.719999999999999E-002    0.000000000000000E+000
  9.730000000000000E-002    0.000000000000000E+000
  9.740000000000000E-002    0.000000000000000E+000
  9.750000000000000E-002    0.000000000000000E+000
  9.759999999999999E-002    0.000000000000000E+000
  9.770000000000000E-002    0.000000000000000E+000
  9.780000000000000E-002    0.000000000000000E+000
  9.790000000000000E-002    0.000000000000000E+000
  9.800000000000000E-002    0.000000000000000E+000
  9.809999999999999E-002    0.000000000000000E+000
  9.820000000000000E-002    0.000000000000000E+000
  9.830000000000000E-002    0.000000000000000E+000
  9.840000000000000E-002    0.000000000000000E+000
  9.850000000000000E-002    0.000000000000000E+000
  9.859999999999999E-002    0.000000000000000E+000
  9.870000000000000E-002    0.000000000000000E+000
  9.880000000000000E-002    0.000000000000000E+000
  9.890000000000000E-002    0.000000000000000E+000
  9.900000000000000E-002    0.000000000000000E+000
  9.909999999999999E-002    0.000000000000000E+000
  9.920000000000000E-002    0.000000000000000E+000
  9.930000000000000E-002    0.000000000000000E+000
  9.940000000000000E-002    0.000000000000000E+000
  9.950000000000001E-002    0.000000000000000E+000
  9.959999999999999E-002    0.000000000000000E+000
  9.970000000000000E-002    0.000000000000000E+000
  9.980000000000000E-002    0.000000000000000E+000
  9.990000000000000E-002    0.000000000000000E+000
  0.100000000000000         0.000000000000000E+000
  0.100100000000000         0.000000000000000E+000
  0.100200000000000         0.000000000000000E+000
  0.100300000000000         0.000000000000000E+000
  0.100400000000000         0.000000000000000E+000
  0.100500000000000         0.000000000000000E+000
  0.100600000000000         0.000000000000000E+000
  0.100700000000000         0.000000000000000E+000
  0.100800000000000         0.000000000000000E+000
  0.100900000000000         0.000000000000000E+000
  0.101000000000000         0.000000000000000E+000
  0.101100000000000         0.000000000000000E+000
  0.101200000000000         0.000000000000000E+000
  0.101300000000000         0.000000000000000E+000
  0.101400000000000         0.000000000000000E+000
  0.101500000000000         0.000000000000000E+000
  0.101600000000000         0.000000000000000E+000
  0.101700000000000         0.000000000000000E+000
  0.101800000000000         0.000000000000000E+000
  0.101900000000000         0.000000000000000E+000
  0.102000000000000         0.000000000000000E+000
  0.102100000000000         0.000000000000000E+000
  0.102200000000000         0.000000000000000E+000
  0.102300000000000         0.000000000000000E+000
  0.102400000000000         0.000000000000000E+000
  0.102500000000000         0.000000000000000E+000
  0.102600000000000         0.000000000000000E+000
  0.102700000000000         0.000000000000000E+000
  0.102800000000000         0.000000000000000E+000
  0.102900000000000         0.000000000000000E+000
  0.103000000000000         0.000000000000000E+000
  0.103100000000000         0.000000000000000E+000
  0.103200000000000         0.000000000000000E+000
  0.103300000000000         0.000000000000000E+000
  0.103400000000000         0.000000000000000E+000
  0.103500000000000         0.000000000000000E+000
  0.103600000000000         0.000000000000000E+000
  0.103700000000000         0.000000000000000E+000
  0.103800000000000         0.000000000000000E+000
  0.103900000000000         0.000000000000000E+000
  0.104000000000000         0.000000000000000E+000
  0.104100000000000         0.000000000000000E+000
  0.104200000000000         0.000000000000000E+000
  0.104300000000000         0.000000000000000E+000
  0.104400000000000         0.000000000000000E+000
  0.104500000000000         0.000000000000000E+000
  0.104600000000000         0.000000000000000E+000
  0.104700000000000         0.000000000000000E+000
  0.104800000000000         0.000000000000000E+000
  0.104900000000000         0.000000000000000E+000
  0.105000000000000         0.000000000000000E+000
  0.105100000000000         0.000000000000000E+000
  0.105200000000000         0.000000000000000E+000
  0.105300000000000         0.000000000000000E+000
  0.105400000000000         0.000000000000000E+000
  0.105500000000000         0.000000000000000E+000
  0.105600000000000         0.000000000000000E+000
  0.105700000000000         0.000000000000000E+000
  0.105800000000000         0.000000000000000E+000
  0.105900000000000         0.000000000000000E+000
  0.106000000000000         0.000000000000000E+000
  0.106100000000000         0.000000000000000E+000
  0.106200000000000         0.000000000000000E+000
  0.106300000000000         0.000000000000000E+000
  0.106400000000000         0.000000000000000E+000
  0.106500000000000         0.000000000000000E+000
  0.106600000000000         0.000000000000000E+000
  0.106700000000000         0.000000000000000E+000
  0.106800000000000         0.000000000000000E+000
  0.106900000000000         0.000000000000000E+000
  0.107000000000000         0.000000000000000E+000
  0.107100000000000         0.000000000000000E+000
  0.107200000000000         0.000000000000000E+000
  0.107300000000000         0.000000000000000E+000
  0.107400000000000         0.000000000000000E+000
  0.107500000000000         0.000000000000000E+000
  0.107600000000000         0.000000000000000E+000
  0.107700000000000         0.000000000000000E+000
  0.107800000000000         0.000000000000000E+000
  0.107900000000000         0.000000000000000E+000
  0.108000000000000         0.000000000000000E+000
  0.108100000000000         0.000000000000000E+000
  0.108200000000000         0.000000000000000E+000
  0.108300000000000         0.000000000000000E+000
  0.108400000000000         0.000000000000000E+000
  0.108500000000000         0.000000000000000E+000
  0.108600000000000         0.000000000000000E+000
  0.108700000000000         0.000000000000000E+000
  0.108800000000000         0.000000000000000E+000
  0.108900000000000         0.000000000000000E+000
  0.109000000000000         0.000000000000000E+000
  0.109100000000000         0.000000000000000E+000
  0.109200000000000         0.000000000000000E+000
  0.109300000000000         0.000000000000000E+000
  0.109400000000000         0.000000000000000E+000
  0.109500000000000         0.000000000000000E+000
  0.109600000000000         0.000000000000000E+000
  0.109700000000000         0.000000000000000E+000
  0.109800000000000         0.000000000000000E+000
  0.109900000000000         0.000000000000000E+000
  0.110000000000000         0.000000000000000E+000
  0.110100000000000         0.000000000000000E+000
  0.110200000000000         0.000000000000000E+000
  0.110300000000000         0.000000000000000E+000
  0.110400000000000         0.000000000000000E+000
  0.110500000000000         0.000000000000000E+000
  0.110600000000000         0.000000000000000E+000
  0.110700000000000         0.000000000000000E+000
  0.110800000000000         0.000000000000000E+000
  0.110900000000000         0.000000000000000E+000
  0.111000000000000         0.000000000000000E+000
  0.111100000000000         0.000000000000000E+000
  0.111200000000000         0.000000000000000E+000
  0.111300000000000         0.000000000000000E+000
  0.111400000000000         0.000000000000000E+000
  0.111500000000000         0.000000000000000E+000
  0.111600000000000         0.000000000000000E+000
  0.111700000000000         0.000000000000000E+000
  0.111800000000000         0.000000000000000E+000
  0.111900000000000         0.000000000000000E+000
  0.112000000000000         0.000000000000000E+000
  0.112100000000000         0.000000000000000E+000
  0.112200000000000         0.000000000000000E+000
  0.112300000000000         0.000000000000000E+000
  0.112400000000000         0.000000000000000E+000
  0.112500000000000         0.000000000000000E+000
  0.112600000000000         0.000000000000000E+000
  0.112700000000000         0.000000000000000E+000
  0.112800000000000         0.000000000000000E+000
  0.112900000000000         0.000000000000000E+000
  0.113000000000000         0.000000000000000E+000
  0.113100000000000         0.000000000000000E+000
  0.113200000000000         0.000000000000000E+000
  0.113300000000000         0.000000000000000E+000
  0.113400000000000         0.000000000000000E+000
  0.113500000000000         0.000000000000000E+000
  0.113600000000000         0.000000000000000E+000
  0.113700000000000         0.000000000000000E+000
  0.113800000000000         0.000000000000000E+000
  0.113900000000000         0.000000000000000E+000
  0.114000000000000         0.000000000000000E+000
  0.114100000000000         0.000000000000000E+000
  0.114200000000000         0.000000000000000E+000
  0.114300000000000         0.000000000000000E+000
  0.114400000000000         0.000000000000000E+000
  0.114500000000000         0.000000000000000E+000
  0.114600000000000         0.000000000000000E+000
  0.114700000000000         0.000000000000000E+000
  0.114800000000000         0.000000000000000E+000
  0.114900000000000         0.000000000000000E+000
  0.115000000000000         0.000000000000000E+000
  0.115100000000000         0.000000000000000E+000
  0.115200000000000         0.000000000000000E+000
  0.115300000000000         0.000000000000000E+000
  0.115400000000000         0.000000000000000E+000
  0.115500000000000         0.000000000000000E+000
  0.115600000000000         0.000000000000000E+000
  0.115700000000000         0.000000000000000E+000
  0.115800000000000         0.000000000000000E+000
  0.115900000000000         0.000000000000000E+000
  0.116000000000000         0.000000000000000E+000
  0.116100000000000         0.000000000000000E+000
  0.116200000000000         0.000000000000000E+000
  0.116300000000000         0.000000000000000E+000
  0.116400000000000         0.000000000000000E+000
  0.116500000000000         0.000000000000000E+000
  0.116600000000000         0.000000000000000E+000
  0.116700000000000         0.000000000000000E+000
  0.116800000000000         0.000000000000000E+000
  0.116900000000000         0.000000000000000E+000
  0.117000000000000         0.000000000000000E+000
  0.117100000000000         0.000000000000000E+000
  0.117200000000000         0.000000000000000E+000
  0.117300000000000         0.000000000000000E+000
  0.117400000000000         0.000000000000000E+000
  0.117500000000000         0.000000000000000E+000
  0.117600000000000         0.000000000000000E+000
  0.117700000000000         0.000000000000000E+000
  0.117800000000000         0.000000000000000E+000
  0.117900000000000         0.000000000000000E+000
  0.118000000000000         0.000000000000000E+000
  0.118100000000000         0.000000000000000E+000
  0.118200000000000         0.000000000000000E+000
  0.118300000000000         0.000000000000000E+000
  0.118400000000000         0.000000000000000E+000
  0.118500000000000         0.000000000000000E+000
  0.118600000000000         0.000000000000000E+000
  0.118700000000000         0.000000000000000E+000
  0.118800000000000         0.000000000000000E+000
  0.118900000000000         0.000000000000000E+000
  0.119000000000000         0.000000000000000E+000
  0.119100000000000         0.000000000000000E+000
  0.119200000000000         0.000000000000000E+000
  0.119300000000000         0.000000000000000E+000
  0.119400000000000         0.000000000000000E+000
  0.119500000000000         0.000000000000000E+000
  0.119600000000000         0.000000000000000E+000
  0.119700000000000         0.000000000000000E+000
  0.119800000000000         0.000000000000000E+000
  0.119900000000000         0.000000000000000E+000
  0.120000000000000         0.000000000000000E+000
  0.120100000000000         0.000000000000000E+000
  0.120200000000000         0.000000000000000E+000
  0.120300000000000         0.000000000000000E+000
  0.120400000000000         0.000000000000000E+000
  0.120500000000000         0.000000000000000E+000
  0.120600000000000         0.000000000000000E+000
  0.120700000000000         0.000000000000000E+000
  0.120800000000000         0.000000000000000E+000
  0.120900000000000         0.000000000000000E+000
  0.121000000000000         0.000000000000000E+000
  0.121100000000000         0.000000000000000E+000
  0.121200000000000         0.000000000000000E+000
  0.121300000000000         0.000000000000000E+000
  0.121400000000000         0.000000000000000E+000
  0.121500000000000         0.000000000000000E+000
  0.121600000000000         0.000000000000000E+000
  0.121700000000000         0.000000000000000E+000
  0.121800000000000         0.000000000000000E+000
  0.121900000000000         0.000000000000000E+000
  0.122000000000000         0.000000000000000E+000
  0.122100000000000         0.000000000000000E+000
  0.122200000000000         0.000000000000000E+000
  0.122300000000000         0.000000000000000E+000
  0.122400000000000         0.000000000000000E+000
  0.122500000000000         0.000000000000000E+000
  0.122600000000000         0.000000000000000E+000
  0.122700000000000         0.000000000000000E+000
  0.122800000000000         0.000000000000000E+000
  0.122900000000000         0.000000000000000E+000
  0.123000000000000         0.000000000000000E+000
  0.123100000000000         0.000000000000000E+000
  0.123200000000000         0.000000000000000E+000
  0.123300000000000         0.000000000000000E+000
  0.123400000000000         0.000000000000000E+000
  0.123500000000000         0.000000000000000E+000
  0.123600000000000         0.000000000000000E+000
  0.123700000000000         0.000000000000000E+000
  0.123800000000000         0.000000000000000E+000
  0.123900000000000         0.000000000000000E+000
  0.124000000000000         0.000000000000000E+000
  0.124100000000000         0.000000000000000E+000
  0.124200000000000         0.000000000000000E+000
  0.124300000000000         0.000000000000000E+000
  0.124400000000000         0.000000000000000E+000
  0.124500000000000         0.000000000000000E+000
  0.124600000000000         0.000000000000000E+000
  0.124700000000000         0.000000000000000E+000
  0.124800000000000         0.000000000000000E+000
  0.124900000000000         0.000000000000000E+000
  0.125000000000000         0.000000000000000E+000
  0.125100000000000         0.000000000000000E+000
  0.125200000000000         0.000000000000000E+000
  0.125300000000000         0.000000000000000E+000
  0.125400000000000         0.000000000000000E+000
  0.125500000000000         0.000000000000000E+000
  0.125600000000000         0.000000000000000E+000
  0.125700000000000         0.000000000000000E+000
  0.125800000000000         0.000000000000000E+000
  0.125900000000000         0.000000000000000E+000
  0.126000000000000         0.000000000000000E+000
  0.126100000000000         0.000000000000000E+000
  0.126200000000000         0.000000000000000E+000
  0.126300000000000         0.000000000000000E+000
  0.126400000000000         0.000000000000000E+000
  0.126500000000000         0.000000000000000E+000
  0.126600000000000         0.000000000000000E+000
  0.126700000000000         0.000000000000000E+000
  0.126800000000000         0.000000000000000E+000
  0.126900000000000         0.000000000000000E+000
  0.127000000000000         0.000000000000000E+000
  0.127100000000000         0.000000000000000E+000
  0.127200000000000         0.000000000000000E+000
  0.127300000000000         0.000000000000000E+000
  0.127400000000000         0.000000000000000E+000
  0.127500000000000         0.000000000000000E+000
  0.127600000000000         0.000000000000000E+000
  0.127700000000000         0.000000000000000E+000
  0.127800000000000         0.000000000000000E+000
  0.127900000000000         0.000000000000000E+000
  0.128000000000000         0.000000000000000E+000
  0.128100000000000         0.000000000000000E+000
  0.128200000000000         0.000000000000000E+000
  0.128300000000000         0.000000000000000E+000
  0.128400000000000         0.000000000000000E+000
  0.128500000000000         0.000000000000000E+000
  0.128600000000000         0.000000000000000E+000
  0.128700000000000         0.000000000000000E+000
  0.128800000000000         0.000000000000000E+000
  0.128900000000000         0.000000000000000E+000
  0.129000000000000         0.000000000000000E+000
  0.129100000000000         0.000000000000000E+000
  0.129200000000000         0.000000000000000E+000
  0.129300000000000         0.000000000000000E+000
  0.129400000000000         0.000000000000000E+000
  0.129500000000000         0.000000000000000E+000
  0.129600000000000         0.000000000000000E+000
  0.129700000000000         0.000000000000000E+000
  0.129800000000000         0.000000000000000E+000
  0.129900000000000         0.000000000000000E+000
  0.130000000000000         0.000000000000000E+000
  0.130100000000000         0.000000000000000E+000
  0.130200000000000         0.000000000000000E+000
  0.130300000000000         0.000000000000000E+000
  0.130400000000000         0.000000000000000E+000
  0.130500000000000         0.000000000000000E+000
  0.130600000000000         0.000000000000000E+000
  0.130700000000000         0.000000000000000E+000
  0.130800000000000         0.000000000000000E+000
  0.130900000000000         0.000000000000000E+000
  0.131000000000000         0.000000000000000E+000
  0.131100000000000         0.000000000000000E+000
  0.131200000000000         0.000000000000000E+000
  0.131300000000000         0.000000000000000E+000
  0.131400000000000         0.000000000000000E+000
  0.131500000000000         0.000000000000000E+000
  0.131600000000000         0.000000000000000E+000
  0.131700000000000         0.000000000000000E+000
  0.131800000000000         0.000000000000000E+000
  0.131900000000000         0.000000000000000E+000
  0.132000000000000         0.000000000000000E+000
  0.132100000000000         0.000000000000000E+000
  0.132200000000000         0.000000000000000E+000
  0.132300000000000         0.000000000000000E+000
  0.132400000000000         0.000000000000000E+000
  0.132500000000000         0.000000000000000E+000
  0.132600000000000         0.000000000000000E+000
  0.132700000000000         0.000000000000000E+000
  0.132800000000000         0.000000000000000E+000
  0.132900000000000         0.000000000000000E+000
  0.133000000000000         0.000000000000000E+000
  0.133100000000000         0.000000000000000E+000
  0.133200000000000         0.000000000000000E+000
  0.133300000000000         0.000000000000000E+000
  0.133400000000000         0.000000000000000E+000
  0.133500000000000         0.000000000000000E+000
  0.133600000000000         0.000000000000000E+000
  0.133700000000000         0.000000000000000E+000
  0.133800000000000         0.000000000000000E+000
  0.133900000000000         0.000000000000000E+000
  0.134000000000000         0.000000000000000E+000
  0.134100000000000         0.000000000000000E+000
  0.134200000000000         0.000000000000000E+000
  0.134300000000000         0.000000000000000E+000
  0.134400000000000         0.000000000000000E+000
  0.134500000000000         0.000000000000000E+000
  0.134600000000000         0.000000000000000E+000
  0.134700000000000         0.000000000000000E+000
  0.134800000000000         0.000000000000000E+000
  0.134900000000000         0.000000000000000E+000
  0.135000000000000         0.000000000000000E+000
  0.135100000000000         0.000000000000000E+000
  0.135200000000000         0.000000000000000E+000
  0.135300000000000         0.000000000000000E+000
  0.135400000000000         0.000000000000000E+000
  0.135500000000000         0.000000000000000E+000
  0.135600000000000         0.000000000000000E+000
  0.135700000000000         0.000000000000000E+000
  0.135800000000000         0.000000000000000E+000
  0.135900000000000         0.000000000000000E+000
  0.136000000000000         0.000000000000000E+000
  0.136100000000000         0.000000000000000E+000
  0.136200000000000         0.000000000000000E+000
  0.136300000000000         0.000000000000000E+000
  0.136400000000000         0.000000000000000E+000
  0.136500000000000         0.000000000000000E+000
  0.136600000000000         0.000000000000000E+000
  0.136700000000000         0.000000000000000E+000
  0.136800000000000         0.000000000000000E+000
  0.136900000000000         0.000000000000000E+000
  0.137000000000000         0.000000000000000E+000
  0.137100000000000         0.000000000000000E+000
  0.137200000000000         0.000000000000000E+000
  0.137300000000000         0.000000000000000E+000
  0.137400000000000         0.000000000000000E+000
  0.137500000000000         0.000000000000000E+000
  0.137600000000000         0.000000000000000E+000
  0.137700000000000         0.000000000000000E+000
  0.137800000000000         0.000000000000000E+000
  0.137900000000000         0.000000000000000E+000
  0.138000000000000         0.000000000000000E+000
  0.138100000000000         0.000000000000000E+000
  0.138200000000000         0.000000000000000E+000
  0.138300000000000         0.000000000000000E+000
  0.138400000000000         0.000000000000000E+000
  0.138500000000000         0.000000000000000E+000
  0.138600000000000         0.000000000000000E+000
  0.138700000000000         0.000000000000000E+000
  0.138800000000000         0.000000000000000E+000
  0.138900000000000         0.000000000000000E+000
  0.139000000000000         0.000000000000000E+000
  0.139100000000000         0.000000000000000E+000
  0.139200000000000         0.000000000000000E+000
  0.139300000000000         0.000000000000000E+000
  0.139400000000000         0.000000000000000E+000
  0.139500000000000         0.000000000000000E+000
  0.139600000000000         0.000000000000000E+000
  0.139700000000000         0.000000000000000E+000
  0.139800000000000         0.000000000000000E+000
  0.139900000000000         0.000000000000000E+000
  0.140000000000000         0.000000000000000E+000
  0.140100000000000         0.000000000000000E+000
  0.140200000000000         0.000000000000000E+000
  0.140300000000000         0.000000000000000E+000
  0.140400000000000         0.000000000000000E+000
  0.140500000000000         0.000000000000000E+000
  0.140600000000000         0.000000000000000E+000
  0.140700000000000         0.000000000000000E+000
  0.140800000000000         0.000000000000000E+000
  0.140900000000000         0.000000000000000E+000
  0.141000000000000         0.000000000000000E+000
  0.141100000000000         0.000000000000000E+000
  0.141200000000000         0.000000000000000E+000
  0.141300000000000         0.000000000000000E+000
  0.141400000000000         0.000000000000000E+000
  0.141500000000000         0.000000000000000E+000
  0.141600000000000         0.000000000000000E+000
  0.141700000000000         0.000000000000000E+000
  0.141800000000000         0.000000000000000E+000
  0.141900000000000         0.000000000000000E+000
  0.142000000000000         0.000000000000000E+000
  0.142100000000000         0.000000000000000E+000
  0.142200000000000         0.000000000000000E+000
  0.142300000000000         0.000000000000000E+000
  0.142400000000000         0.000000000000000E+000
  0.142500000000000         0.000000000000000E+000
  0.142600000000000         0.000000000000000E+000
  0.142700000000000         0.000000000000000E+000
  0.142800000000000         0.000000000000000E+000
  0.142900000000000         0.000000000000000E+000
  0.143000000000000         0.000000000000000E+000
  0.143100000000000         0.000000000000000E+000
  0.143200000000000         0.000000000000000E+000
  0.143300000000000         0.000000000000000E+000
  0.143400000000000         0.000000000000000E+000
  0.143500000000000         0.000000000000000E+000
  0.143600000000000         0.000000000000000E+000
  0.143700000000000         0.000000000000000E+000
  0.143800000000000         0.000000000000000E+000
  0.143900000000000         0.000000000000000E+000
  0.144000000000000         0.000000000000000E+000
  0.144100000000000         0.000000000000000E+000
  0.144200000000000         0.000000000000000E+000
  0.144300000000000         0.000000000000000E+000
  0.144400000000000         0.000000000000000E+000
  0.144500000000000         0.000000000000000E+000
  0.144600000000000         0.000000000000000E+000
  0.144700000000000         0.000000000000000E+000
  0.144800000000000         0.000000000000000E+000
  0.144900000000000         0.000000000000000E+000
  0.145000000000000         0.000000000000000E+000
  0.145100000000000         0.000000000000000E+000
  0.145200000000000         0.000000000000000E+000
  0.145300000000000         0.000000000000000E+000
  0.145400000000000         0.000000000000000E+000
  0.145500000000000         0.000000000000000E+000
  0.145600000000000         0.000000000000000E+000
  0.145700000000000         0.000000000000000E+000
  0.145800000000000         0.000000000000000E+000
  0.145900000000000         0.000000000000000E+000
  0.146000000000000         0.000000000000000E+000
  0.146100000000000         0.000000000000000E+000
  0.146200000000000         0.000000000000000E+000
  0.146300000000000         0.000000000000000E+000
  0.146400000000000         0.000000000000000E+000
  0.146500000000000         0.000000000000000E+000
  0.146600000000000         0.000000000000000E+000
  0.146700000000000         0.000000000000000E+000
  0.146800000000000         0.000000000000000E+000
  0.146900000000000         0.000000000000000E+000
  0.147000000000000         0.000000000000000E+000
  0.147100000000000         0.000000000000000E+000
  0.147200000000000         0.000000000000000E+000
  0.147300000000000         0.000000000000000E+000
  0.147400000000000         0.000000000000000E+000
  0.147500000000000         0.000000000000000E+000
  0.147600000000000         0.000000000000000E+000
  0.147700000000000         0.000000000000000E+000
  0.147800000000000         0.000000000000000E+000
  0.147900000000000         0.000000000000000E+000
  0.148000000000000         0.000000000000000E+000
  0.148100000000000         0.000000000000000E+000
  0.148200000000000         0.000000000000000E+000
  0.148300000000000         0.000000000000000E+000
  0.148400000000000         0.000000000000000E+000
  0.148500000000000         0.000000000000000E+000
  0.148600000000000         0.000000000000000E+000
  0.148700000000000         0.000000000000000E+000
  0.148800000000000         0.000000000000000E+000
  0.148900000000000         0.000000000000000E+000
  0.149000000000000         0.000000000000000E+000
  0.149100000000000         0.000000000000000E+000
  0.149200000000000         0.000000000000000E+000
  0.149300000000000         0.000000000000000E+000
  0.149400000000000         0.000000000000000E+000
  0.149500000000000         0.000000000000000E+000
  0.149600000000000         0.000000000000000E+000
  0.149700000000000         0.000000000000000E+000
  0.149800000000000         0.000000000000000E+000
  0.149900000000000         0.000000000000000E+000
  0.150000000000000         0.000000000000000E+000
  0.150100000000000         0.000000000000000E+000
  0.150200000000000         0.000000000000000E+000
  0.150300000000000         0.000000000000000E+000
  0.150400000000000         0.000000000000000E+000
  0.150500000000000         0.000000000000000E+000
  0.150600000000000         0.000000000000000E+000
  0.150700000000000         0.000000000000000E+000
  0.150800000000000         0.000000000000000E+000
  0.150900000000000         0.000000000000000E+000
  0.151000000000000         0.000000000000000E+000
  0.151100000000000         0.000000000000000E+000
  0.151200000000000         0.000000000000000E+000
  0.151300000000000         0.000000000000000E+000
  0.151400000000000         0.000000000000000E+000
  0.151500000000000         0.000000000000000E+000
  0.151600000000000         0.000000000000000E+000
  0.151700000000000         0.000000000000000E+000
  0.151800000000000         0.000000000000000E+000
  0.151900000000000         0.000000000000000E+000
  0.152000000000000         0.000000000000000E+000
  0.152100000000000         0.000000000000000E+000
  0.152200000000000         0.000000000000000E+000
  0.152300000000000         0.000000000000000E+000
  0.152400000000000         0.000000000000000E+000
  0.152500000000000         0.000000000000000E+000
  0.152600000000000         0.000000000000000E+000
  0.152700000000000         0.000000000000000E+000
  0.152800000000000         0.000000000000000E+000
  0.152900000000000         0.000000000000000E+000
  0.153000000000000         0.000000000000000E+000
  0.153100000000000         0.000000000000000E+000
  0.153200000000000         0.000000000000000E+000
  0.153300000000000         0.000000000000000E+000
  0.153400000000000         0.000000000000000E+000
  0.153500000000000         0.000000000000000E+000
  0.153600000000000         0.000000000000000E+000
  0.153700000000000         0.000000000000000E+000
  0.153800000000000         0.000000000000000E+000
  0.153900000000000         0.000000000000000E+000
  0.154000000000000         0.000000000000000E+000
  0.154100000000000         0.000000000000000E+000
  0.154200000000000         0.000000000000000E+000
  0.154300000000000         0.000000000000000E+000
  0.154400000000000         0.000000000000000E+000
  0.154500000000000         0.000000000000000E+000
  0.154600000000000         0.000000000000000E+000
  0.154700000000000         0.000000000000000E+000
  0.154800000000000         0.000000000000000E+000
  0.154900000000000         0.000000000000000E+000
  0.155000000000000         0.000000000000000E+000
  0.155100000000000         0.000000000000000E+000
  0.155200000000000         0.000000000000000E+000
  0.155300000000000         0.000000000000000E+000
  0.155400000000000         0.000000000000000E+000
  0.155500000000000         0.000000000000000E+000
  0.155600000000000         0.000000000000000E+000
  0.155700000000000         0.000000000000000E+000
  0.155800000000000         0.000000000000000E+000
  0.155900000000000         0.000000000000000E+000
  0.156000000000000         0.000000000000000E+000
  0.156100000000000         0.000000000000000E+000
  0.156200000000000         0.000000000000000E+000
  0.156300000000000         0.000000000000000E+000
  0.156400000000000         0.000000000000000E+000
  0.156500000000000         0.000000000000000E+000
  0.156600000000000         0.000000000000000E+000
  0.156700000000000         0.000000000000000E+000
  0.156800000000000         0.000000000000000E+000
  0.156900000000000         0.000000000000000E+000
  0.157000000000000         0.000000000000000E+000
  0.157100000000000         0.000000000000000E+000
  0.157200000000000         0.000000000000000E+000
  0.157300000000000         0.000000000000000E+000
  0.157400000000000         0.000000000000000E+000
  0.157500000000000         0.000000000000000E+000
  0.157600000000000         0.000000000000000E+000
  0.157700000000000         0.000000000000000E+000
  0.157800000000000         0.000000000000000E+000
  0.157900000000000         0.000000000000000E+000
  0.158000000000000         0.000000000000000E+000
  0.158100000000000         0.000000000000000E+000
  0.158200000000000         0.000000000000000E+000
  0.158300000000000         0.000000000000000E+000
  0.158400000000000         0.000000000000000E+000
  0.158500000000000         0.000000000000000E+000
  0.158600000000000         0.000000000000000E+000
  0.158700000000000         0.000000000000000E+000
  0.158800000000000         0.000000000000000E+000
